# energy, eels_NLFC_w, eels_LFC_w
0.000000, -0.000000, 0.000000
0.010004, 0.000054, 0.000054
0.020017, 0.000108, 0.000108
0.030037, 0.000163, 0.000162
0.040066, 0.000217, 0.000216
0.050104, 0.000272, 0.000270
0.060149, 0.000326, 0.000324
0.070204, 0.000381, 0.000379
0.080266, 0.000436, 0.000433
0.090337, 0.000491, 0.000488
0.100416, 0.000546, 0.000543
0.110503, 0.000601, 0.000598
0.120599, 0.000657, 0.000653
0.130704, 0.000712, 0.000708
0.140817, 0.000768, 0.000764
0.150938, 0.000824, 0.000820
0.161067, 0.000880, 0.000875
0.171206, 0.000937, 0.000932
0.181352, 0.000994, 0.000988
0.191507, 0.001051, 0.001045
0.201671, 0.001108, 0.001102
0.211843, 0.001166, 0.001159
0.222023, 0.001223, 0.001216
0.232212, 0.001282, 0.001274
0.242410, 0.001340, 0.001332
0.252616, 0.001399, 0.001391
0.262831, 0.001458, 0.001450
0.273054, 0.001518, 0.001509
0.283286, 0.001578, 0.001569
0.293526, 0.001639, 0.001629
0.303775, 0.001700, 0.001689
0.314032, 0.001761, 0.001750
0.324299, 0.001823, 0.001812
0.334573, 0.001885, 0.001874
0.344857, 0.001948, 0.001936
0.355149, 0.002012, 0.001999
0.365449, 0.002076, 0.002062
0.375759, 0.002140, 0.002127
0.386077, 0.002205, 0.002191
0.396404, 0.002271, 0.002257
0.406739, 0.002338, 0.002323
0.417083, 0.002405, 0.002389
0.427436, 0.002473, 0.002457
0.437798, 0.002542, 0.002525
0.448168, 0.002611, 0.002594
0.458547, 0.002682, 0.002663
0.468935, 0.002753, 0.002734
0.479332, 0.002825, 0.002805
0.489737, 0.002898, 0.002878
0.500151, 0.002972, 0.002951
0.510574, 0.003048, 0.003025
0.521006, 0.003124, 0.003101
0.531447, 0.003201, 0.003177
0.541896, 0.003280, 0.003255
0.552355, 0.003359, 0.003334
0.562822, 0.003440, 0.003414
0.573298, 0.003523, 0.003495
0.583783, 0.003607, 0.003578
0.594277, 0.003692, 0.003662
0.604780, 0.003779, 0.003748
0.615292, 0.003867, 0.003835
0.625812, 0.003958, 0.003924
0.636342, 0.004050, 0.004014
0.646881, 0.004144, 0.004107
0.657428, 0.004239, 0.004201
0.667985, 0.004337, 0.004298
0.678550, 0.004438, 0.004396
0.689125, 0.004540, 0.004497
0.699708, 0.004645, 0.004600
0.710301, 0.004753, 0.004706
0.720903, 0.004863, 0.004814
0.731513, 0.004976, 0.004925
0.742133, 0.005092, 0.005039
0.752762, 0.005211, 0.005155
0.763400, 0.005334, 0.005275
0.774047, 0.005460, 0.005399
0.784703, 0.005589, 0.005525
0.795368, 0.005722, 0.005656
0.806042, 0.005859, 0.005790
0.816726, 0.006001, 0.005928
0.827418, 0.006146, 0.006070
0.838120, 0.006296, 0.006216
0.848831, 0.006450, 0.006367
0.859551, 0.006609, 0.006522
0.870280, 0.006772, 0.006682
0.881019, 0.006941, 0.006847
0.891767, 0.007113, 0.007016
0.902524, 0.007291, 0.007190
0.913290, 0.007473, 0.007368
0.924066, 0.007659, 0.007551
0.934850, 0.007850, 0.007739
0.945645, 0.008045, 0.007932
0.956448, 0.008244, 0.008128
0.967261, 0.008447, 0.008329
0.978083, 0.008653, 0.008535
0.988914, 0.008863, 0.008744
0.999755, 0.009077, 0.008957
1.010605, 0.009293, 0.009174
1.021464, 0.009513, 0.009395
1.032333, 0.009735, 0.009619
1.043211, 0.009961, 0.009847
1.054099, 0.010190, 0.010079
1.064996, 0.010423, 0.010315
1.075902, 0.010659, 0.010555
1.086818, 0.010900, 0.010800
1.097744, 0.011145, 0.011049
1.108678, 0.011394, 0.011303
1.119623, 0.011648, 0.011562
1.130576, 0.011908, 0.011826
1.141540, 0.012173, 0.012096
1.152512, 0.012443, 0.012371
1.163495, 0.012718, 0.012652
1.174487, 0.012998, 0.012937
1.185488, 0.013283, 0.013227
1.196499, 0.013573, 0.013521
1.207520, 0.013867, 0.013820
1.218550, 0.014166, 0.014122
1.229590, 0.014470, 0.014429
1.240639, 0.014780, 0.014739
1.251698, 0.015095, 0.015053
1.262767, 0.015418, 0.015372
1.273845, 0.015748, 0.015697
1.284933, 0.016088, 0.016029
1.296031, 0.016439, 0.016369
1.307138, 0.016803, 0.016719
1.318255, 0.017180, 0.017080
1.329382, 0.017573, 0.017455
1.340518, 0.017984, 0.017844
1.351664, 0.018413, 0.018250
1.362820, 0.018862, 0.018673
1.373986, 0.019332, 0.019117
1.385162, 0.019824, 0.019580
1.396347, 0.020338, 0.020066
1.407542, 0.020876, 0.020574
1.418747, 0.021437, 0.021104
1.429962, 0.022021, 0.021657
1.441186, 0.022627, 0.022233
1.452421, 0.023256, 0.022831
1.463665, 0.023907, 0.023450
1.474920, 0.024579, 0.024091
1.486184, 0.025272, 0.024752
1.497458, 0.025985, 0.025433
1.508742, 0.026719, 0.026134
1.520036, 0.027473, 0.026854
1.531339, 0.028247, 0.027595
1.542653, 0.029043, 0.028355
1.553977, 0.029862, 0.029137
1.565311, 0.030704, 0.029942
1.576655, 0.031570, 0.030770
1.588008, 0.032462, 0.031623
1.599372, 0.033379, 0.032501
1.610746, 0.034321, 0.033404
1.622130, 0.035287, 0.034333
1.633524, 0.036276, 0.035285
1.644928, 0.037284, 0.036260
1.656342, 0.038308, 0.037254
1.667767, 0.039343, 0.038264
1.679201, 0.040386, 0.039286
1.690646, 0.041431, 0.040316
1.702100, 0.042474, 0.041350
1.713565, 0.043509, 0.042384
1.725040, 0.044533, 0.043413
1.736525, 0.045543, 0.044435
1.748021, 0.046535, 0.045446
1.759526, 0.047508, 0.046444
1.771042, 0.048461, 0.047429
1.782568, 0.049395, 0.048399
1.794105, 0.050309, 0.049354
1.805651, 0.051204, 0.050293
1.817208, 0.052082, 0.051219
1.828776, 0.052945, 0.052129
1.840353, 0.053793, 0.053027
1.851941, 0.054629, 0.053911
1.863539, 0.055452, 0.054782
1.875148, 0.056264, 0.055639
1.886767, 0.057065, 0.056482
1.898396, 0.057854, 0.057307
1.910036, 0.058629, 0.058114
1.921686, 0.059388, 0.058898
1.933346, 0.060127, 0.059655
1.945017, 0.060844, 0.060381
1.956699, 0.061533, 0.061071
1.968391, 0.062190, 0.061721
1.980093, 0.062812, 0.062327
1.991806, 0.063396, 0.062886
2.003529, 0.063939, 0.063397
2.015263, 0.064441, 0.063861
2.027008, 0.064901, 0.064279
2.038763, 0.065323, 0.064653
2.050528, 0.065707, 0.064989
2.062305, 0.066059, 0.065292
2.074091, 0.066382, 0.065565
2.085889, 0.066681, 0.065815
2.097697, 0.066961, 0.066047
2.109515, 0.067226, 0.066267
2.121344, 0.067481, 0.066480
2.133184, 0.067730, 0.066690
2.145035, 0.067979, 0.066904
2.156896, 0.068232, 0.067126
2.168768, 0.068494, 0.067361
2.180651, 0.068770, 0.067613
2.192545, 0.069062, 0.067887
2.204449, 0.069376, 0.068187
2.216364, 0.069712, 0.068514
2.228289, 0.070074, 0.068869
2.240226, 0.070460, 0.069254
2.252173, 0.070872, 0.069667
2.264132, 0.071306, 0.070105
2.276101, 0.071760, 0.070567
2.288081, 0.072232, 0.071048
2.300071, 0.072718, 0.071544
2.312073, 0.073215, 0.072053
2.324086, 0.073721, 0.072571
2.336109, 0.074233, 0.073096
2.348143, 0.074751, 0.073627
2.360189, 0.075274, 0.074163
2.372245, 0.075800, 0.074703
2.384312, 0.076331, 0.075247
2.396391, 0.076865, 0.075795
2.408480, 0.077402, 0.076347
2.420580, 0.077939, 0.076901
2.432691, 0.078475, 0.077455
2.444814, 0.079007, 0.078009
2.456947, 0.079534, 0.078558
2.469092, 0.080053, 0.079102
2.481247, 0.080563, 0.079640
2.493414, 0.081064, 0.080170
2.505592, 0.081555, 0.080692
2.517781, 0.082037, 0.081206
2.529981, 0.082512, 0.081712
2.542192, 0.082979, 0.082211
2.554415, 0.083439, 0.082703
2.566649, 0.083894, 0.083188
2.578894, 0.084345, 0.083665
2.591150, 0.084791, 0.084136
2.603417, 0.085234, 0.084601
2.615696, 0.085676, 0.085062
2.627986, 0.086121, 0.085522
2.640287, 0.086569, 0.085982
2.652600, 0.087025, 0.086447
2.664923, 0.087491, 0.086918
2.677259, 0.087966, 0.087398
2.689605, 0.088451, 0.087886
2.701963, 0.088944, 0.088382
2.714332, 0.089439, 0.088882
2.726713, 0.089930, 0.089381
2.739105, 0.090409, 0.089871
2.751509, 0.090867, 0.090343
2.763924, 0.091291, 0.090788
2.776351, 0.091671, 0.091192
2.788789, 0.091994, 0.091545
2.801238, 0.092247, 0.091834
2.813699, 0.092422, 0.092048
2.826172, 0.092508, 0.092177
2.838656, 0.092501, 0.092214
2.851151, 0.092397, 0.092155
2.863659, 0.092199, 0.092001
2.876177, 0.091913, 0.091757
2.888708, 0.091549, 0.091431
2.901250, 0.091120, 0.091036
2.913804, 0.090644, 0.090589
2.926369, 0.090136, 0.090106
2.938946, 0.089616, 0.089605
2.951535, 0.089100, 0.089104
2.964135, 0.088602, 0.088617
2.976747, 0.088134, 0.088157
2.989371, 0.087705, 0.087732
3.002007, 0.087320, 0.087348
3.014654, 0.086980, 0.087007
3.027314, 0.086684, 0.086708
3.039985, 0.086430, 0.086450
3.052668, 0.086213, 0.086228
3.065362, 0.086029, 0.086038
3.078069, 0.085874, 0.085875
3.090787, 0.085743, 0.085736
3.103518, 0.085633, 0.085617
3.116260, 0.085543, 0.085517
3.129014, 0.085470, 0.085433
3.141780, 0.085411, 0.085363
3.154558, 0.085366, 0.085306
3.167348, 0.085333, 0.085260
3.180150, 0.085309, 0.085222
3.192965, 0.085292, 0.085191
3.205791, 0.085280, 0.085164
3.218629, 0.085271, 0.085140
3.231479, 0.085263, 0.085116
3.244341, 0.085254, 0.085090
3.257215, 0.085243, 0.085062
3.270102, 0.085229, 0.085030
3.283001, 0.085211, 0.084993
3.295911, 0.085190, 0.084952
3.308834, 0.085166, 0.084907
3.321769, 0.085139, 0.084858
3.334716, 0.085109, 0.084805
3.347676, 0.085077, 0.084748
3.360648, 0.085041, 0.084688
3.373632, 0.085002, 0.084624
3.386628, 0.084958, 0.084555
3.399636, 0.084909, 0.084480
3.412657, 0.084853, 0.084400
3.425690, 0.084790, 0.084314
3.438736, 0.084721, 0.084223
3.451793, 0.084647, 0.084130
3.464864, 0.084572, 0.084037
3.477946, 0.084500, 0.083948
3.491041, 0.084435, 0.083869
3.504149, 0.084383, 0.083804
3.517268, 0.084352, 0.083761
3.530401, 0.084346, 0.083743
3.543545, 0.084371, 0.083756
3.556703, 0.084431, 0.083804
3.569872, 0.084528, 0.083890
3.583055, 0.084665, 0.084015
3.596250, 0.084842, 0.084178
3.609457, 0.085058, 0.084381
3.622677, 0.085313, 0.084621
3.635910, 0.085605, 0.084899
3.649155, 0.085934, 0.085212
3.662413, 0.086299, 0.085559
3.675683, 0.086698, 0.085937
3.688966, 0.087127, 0.086344
3.702262, 0.087583, 0.086772
3.715571, 0.088059, 0.087217
3.728892, 0.088547, 0.087671
3.742226, 0.089039, 0.088123
3.755573, 0.089525, 0.088564
3.768933, 0.089995, 0.088985
3.782305, 0.090439, 0.089379
3.795690, 0.090850, 0.089736
3.809088, 0.091222, 0.090054
3.822499, 0.091551, 0.090329
3.835923, 0.091834, 0.090561
3.849360, 0.092073, 0.090752
3.862809, 0.092271, 0.090904
3.876272, 0.092431, 0.091024
3.889747, 0.092560, 0.091116
3.903236, 0.092663, 0.091188
3.916737, 0.092748, 0.091245
3.930252, 0.092819, 0.091292
3.943779, 0.092880, 0.091333
3.957320, 0.092935, 0.091370
3.970873, 0.092983, 0.091404
3.984440, 0.093023, 0.091432
3.998020, 0.093052, 0.091453
4.011613, 0.093068, 0.091462
4.025219, 0.093066, 0.091455
4.038838, 0.093047, 0.091431
4.052470, 0.093009, 0.091389
4.066116, 0.092955, 0.091329
4.079774, 0.092889, 0.091256
4.093446, 0.092818, 0.091175
4.107132, 0.092749, 0.091095
4.120830, 0.092693, 0.091023
4.134542, 0.092659, 0.090970
4.148267, 0.092656, 0.090945
4.162005, 0.092694, 0.090958
4.175757, 0.092780, 0.091017
4.189522, 0.092919, 0.091128
4.203301, 0.093117, 0.091297
4.217093, 0.093376, 0.091527
4.230898, 0.093697, 0.091819
4.244717, 0.094079, 0.092173
4.258550, 0.094519, 0.092588
4.272395, 0.095015, 0.093060
4.286255, 0.095562, 0.093587
4.300127, 0.096156, 0.094164
4.314014, 0.096790, 0.094787
4.327914, 0.097461, 0.095452
4.341827, 0.098162, 0.096155
4.355754, 0.098887, 0.096894
4.369695, 0.099629, 0.097662
4.383650, 0.100382, 0.098456
4.397618, 0.101138, 0.099271
4.411599, 0.101888, 0.100099
4.425595, 0.102625, 0.100936
4.439604, 0.103338, 0.101772
4.453627, 0.104019, 0.102598
4.467664, 0.104658, 0.103406
4.481714, 0.105246, 0.104184
4.495779, 0.105775, 0.104924
4.509857, 0.106239, 0.105617
4.523949, 0.106635, 0.106254
4.538054, 0.106961, 0.106831
4.552174, 0.107220, 0.107343
4.566308, 0.107414, 0.107789
4.580455, 0.107548, 0.108169
4.594617, 0.107629, 0.108487
4.608792, 0.107664, 0.108745
4.622982, 0.107662, 0.108951
4.637185, 0.107632, 0.109110
4.651403, 0.107585, 0.109233
4.665635, 0.107532, 0.109330
4.679880, 0.107486, 0.109411
4.694140, 0.107457, 0.109489
4.708414, 0.107457, 0.109574
4.722702, 0.107496, 0.109676
4.737004, 0.107580, 0.109804
4.751320, 0.107714, 0.109964
4.765651, 0.107903, 0.110162
4.779996, 0.108148, 0.110401
4.794355, 0.108451, 0.110684
4.808728, 0.108812, 0.111012
4.823116, 0.109232, 0.111388
4.837517, 0.109711, 0.111812
4.851934, 0.110249, 0.112285
4.866364, 0.110847, 0.112809
4.880809, 0.111502, 0.113383
4.895268, 0.112215, 0.114007
4.909742, 0.112981, 0.114677
4.924230, 0.113798, 0.115393
4.938733, 0.114661, 0.116151
4.953250, 0.115567, 0.116950
4.967782, 0.116513, 0.117786
4.982328, 0.117496, 0.118658
4.996889, 0.118513, 0.119566
5.011464, 0.119563, 0.120507
5.026054, 0.120646, 0.121483
5.040658, 0.121762, 0.122493
5.055277, 0.122914, 0.123540
5.069911, 0.124101, 0.124623
5.084559, 0.125328, 0.125745
5.099222, 0.126595, 0.126908
5.113900, 0.127906, 0.128112
5.128593, 0.129263, 0.129362
5.143300, 0.130669, 0.130658
5.158022, 0.132127, 0.132005
5.172759, 0.133640, 0.133405
5.187511, 0.135210, 0.134862
5.202277, 0.136838, 0.136376
5.217059, 0.138524, 0.137949
5.231855, 0.140267, 0.139578
5.246667, 0.142062, 0.141259
5.261493, 0.143904, 0.142988
5.276334, 0.145791, 0.144760
5.291190, 0.147717, 0.146572
5.306062, 0.149683, 0.148421
5.320948, 0.151690, 0.150310
5.335849, 0.153746, 0.152244
5.350766, 0.155858, 0.154233
5.365697, 0.158039, 0.156287
5.380644, 0.160298, 0.158418
5.395605, 0.162647, 0.160638
5.410582, 0.165091, 0.162955
5.425575, 0.167633, 0.165373
5.440582, 0.170270, 0.167891
5.455604, 0.172996, 0.170505
5.470642, 0.175797, 0.173204
5.485696, 0.178657, 0.175973
5.500764, 0.181555, 0.178793
5.515848, 0.184470, 0.181642
5.530947, 0.187377, 0.184496
5.546062, 0.190254, 0.187331
5.561191, 0.193080, 0.190125
5.576337, 0.195842, 0.192860
5.591498, 0.198529, 0.195523
5.606674, 0.201140, 0.198110
5.621866, 0.203682, 0.200622
5.637073, 0.206169, 0.203070
5.652296, 0.208617, 0.205468
5.667534, 0.211050, 0.207836
5.682789, 0.213490, 0.210193
5.698058, 0.215958, 0.212559
5.713343, 0.218476, 0.214954
5.728644, 0.221061, 0.217394
5.743961, 0.223731, 0.219894
5.759294, 0.226503, 0.222472
5.774642, 0.229396, 0.225145
5.790006, 0.232428, 0.227933
5.805385, 0.235624, 0.230859
5.820781, 0.239004, 0.233945
5.836192, 0.242590, 0.237216
5.851619, 0.246402, 0.240693
5.867062, 0.250455, 0.244394
5.882521, 0.254764, 0.248333
5.897996, 0.259337, 0.252523
5.913487, 0.264183, 0.256971
5.928994, 0.269309, 0.261686
5.944517, 0.274722, 0.266674
5.960056, 0.280425, 0.271942
5.975611, 0.286421, 0.277494
5.991182, 0.292706, 0.283328
6.006769, 0.299273, 0.289440
6.022372, 0.306107, 0.295819
6.037992, 0.313190, 0.302449
6.053627, 0.320498, 0.309310
6.069279, 0.328004, 0.316379
6.084947, 0.335682, 0.323631
6.100632, 0.343506, 0.331043
6.116332, 0.351456, 0.338594
6.132049, 0.359519, 0.346275
6.147782, 0.367693, 0.354081
6.163532, 0.375985, 0.362021
6.179298, 0.384415, 0.370113
6.195081, 0.393006, 0.378382
6.210879, 0.401783, 0.386852
6.226695, 0.410766, 0.395545
6.242527, 0.419965, 0.404473
6.258375, 0.429374, 0.413635
6.274240, 0.438971, 0.423011
6.290121, 0.448712, 0.432564
6.306019, 0.458539, 0.442238
6.321934, 0.468375, 0.451961
6.337865, 0.478137, 0.461652
6.353813, 0.487738, 0.471222
6.369778, 0.497096, 0.480587
6.385759, 0.506143, 0.489671
6.401758, 0.514835, 0.498422
6.417773, 0.523153, 0.506809
6.433804, 0.531107, 0.514835
6.449853, 0.538738, 0.522528
6.465918, 0.546112, 0.529947
6.482001, 0.553319, 0.537173
6.498100, 0.560466, 0.544304
6.514216, 0.567674, 0.551454
6.530349, 0.575062, 0.558739
6.546499, 0.582745, 0.566269
6.562666, 0.590820, 0.574145
6.578850, 0.599359, 0.582439
6.595052, 0.608404, 0.591204
6.611270, 0.617972, 0.600461
6.627505, 0.628059, 0.610218
6.643758, 0.638653, 0.620472
6.660028, 0.649747, 0.631223
6.676315, 0.661342, 0.642485
6.692619, 0.673455, 0.654289
6.708940, 0.686113, 0.666680
6.725279, 0.699345, 0.679713
6.741635, 0.713170, 0.693439
6.758009, 0.727587, 0.707895
6.774399, 0.742562, 0.723090
6.790808, 0.758027, 0.739000
6.807233, 0.773877, 0.755566
6.823676, 0.789979, 0.772697
6.840137, 0.806174, 0.790274
6.856615, 0.822291, 0.808156
6.873111, 0.838149, 0.826186
6.889624, 0.853564, 0.844195
6.906154, 0.868355, 0.862005
6.922703, 0.882350, 0.879437
6.939269, 0.895389, 0.896308
6.955853, 0.907329, 0.912444
6.972454, 0.918047, 0.927673
6.989073, 0.927442, 0.941838
7.005710, 0.935434, 0.954797
7.022365, 0.941965, 0.966430
7.039037, 0.947009, 0.976649
7.055728, 0.950570, 0.985402
7.072436, 0.952687, 0.992680
7.089162, 0.953429, 0.998513
7.105906, 0.952882, 1.002959
7.122668, 0.951135, 1.006087
7.139448, 0.948258, 1.007952
7.156246, 0.944300, 1.008589
7.173062, 0.939281, 1.008003
7.189897, 0.933214, 1.006180
7.206749, 0.926119, 1.003108
7.223619, 0.918035, 0.998793
7.240508, 0.909036, 0.993273
7.257415, 0.899222, 0.986624
7.274340, 0.888716, 0.978955
7.291283, 0.877649, 0.970393
7.308245, 0.866147, 0.961073
7.325225, 0.854320, 0.951124
7.342223, 0.842255, 0.940656
7.359239, 0.830008, 0.929749
7.376274, 0.817606, 0.918454
7.393328, 0.805050, 0.906791
7.410400, 0.792326, 0.894760
7.427490, 0.779416, 0.882350
7.444599, 0.766309, 0.869556
7.461727, 0.753012, 0.856390
7.478873, 0.739544, 0.842879
7.496037, 0.725938, 0.829067
7.513221, 0.712222, 0.815000
7.530423, 0.698422, 0.800718
7.547643, 0.684551, 0.786253
7.564883, 0.670614, 0.771623
7.582141, 0.656614, 0.756836
7.599418, 0.642551, 0.741896
7.616714, 0.628429, 0.726804
7.634029, 0.614253, 0.711563
7.651362, 0.600038, 0.696181
7.668715, 0.585796, 0.680668
7.686086, 0.571544, 0.665040
7.703477, 0.557295, 0.649311
7.720886, 0.543053, 0.633489
7.738314, 0.528820, 0.617576
7.755762, 0.514592, 0.601569
7.773229, 0.500371, 0.585470
7.790715, 0.486170, 0.569291
7.808220, 0.472014, 0.553061
7.825744, 0.457943, 0.536827
7.843287, 0.444004, 0.520647
7.860850, 0.430246, 0.504586
7.878432, 0.416715, 0.488706
7.896033, 0.403449, 0.473061
7.913654, 0.390479, 0.457697
7.931294, 0.377833, 0.442656
7.948953, 0.365538, 0.427981
7.966632, 0.353622, 0.413713
7.984331, 0.342116, 0.399900
8.002049, 0.331050, 0.386585
8.019786, 0.320449, 0.373808
8.037543, 0.310330, 0.361597
8.055320, 0.300700, 0.349967
8.073117, 0.291551, 0.338918
8.090933, 0.282866, 0.328431
8.108768, 0.274614, 0.318474
8.126624, 0.266755, 0.309001
8.144499, 0.259242, 0.299958
8.162394, 0.252031, 0.291292
8.180309, 0.245083, 0.282954
8.198244, 0.238369, 0.274907
8.216199, 0.231870, 0.267128
8.234174, 0.225581, 0.259606
8.252168, 0.219500, 0.252337
8.270183, 0.213632, 0.245326
8.288218, 0.207982, 0.238577
8.306273, 0.202557, 0.232098
8.324348, 0.197361, 0.225894
8.342443, 0.192398, 0.219971
8.360558, 0.187670, 0.214331
8.378694, 0.183175, 0.208973
8.396849, 0.178909, 0.203893
8.415025, 0.174863, 0.199082
8.433222, 0.171023, 0.194523
8.451438, 0.167372, 0.190196
8.469676, 0.163883, 0.186072
8.487933, 0.160532, 0.182118
8.506211, 0.157288, 0.178300
8.524509, 0.154125, 0.174585
8.542828, 0.151020, 0.170946
8.561168, 0.147958, 0.167360
8.579528, 0.144928, 0.163815
8.597909, 0.141926, 0.160303
8.616310, 0.138951, 0.156824
8.634732, 0.136009, 0.153384
8.653175, 0.133105, 0.149989
8.671639, 0.130246, 0.146649
8.690123, 0.127439, 0.143372
8.708629, 0.124689, 0.140165
8.727155, 0.122001, 0.137033
8.745702, 0.119378, 0.133980
8.764270, 0.116820, 0.131005
8.782859, 0.114326, 0.128106
8.801469, 0.111891, 0.125276
8.820100, 0.109512, 0.122511
8.838752, 0.107186, 0.119805
8.857425, 0.104912, 0.117157
8.876119, 0.102693, 0.114570
8.894835, 0.100531, 0.112048
8.913572, 0.098428, 0.109591
8.932330, 0.096383, 0.107203
8.951109, 0.094393, 0.104879
8.969910, 0.092454, 0.102616
8.988732, 0.090561, 0.100411
9.007575, 0.088714, 0.098262
9.026440, 0.086912, 0.096169
9.045327, 0.085156, 0.094133
9.064235, 0.083447, 0.092154
9.083164, 0.081783, 0.090230
9.102115, 0.080159, 0.088357
9.121088, 0.078569, 0.086526
9.140082, 0.077006, 0.084728
9.159098, 0.075461, 0.082955
9.178136, 0.073931, 0.081200
9.197196, 0.072411, 0.079461
9.216277, 0.070904, 0.077738
9.235380, 0.069411, 0.076032
9.254506, 0.067940, 0.074350
9.273653, 0.066497, 0.072699
9.292822, 0.065091, 0.071088
9.312013, 0.063733, 0.069527
9.331226, 0.062431, 0.068026
9.350461, 0.061194, 0.066595
9.369719, 0.060027, 0.065241
9.388998, 0.058932, 0.063968
9.408300, 0.057909, 0.062775
9.427624, 0.056953, 0.061660
9.446970, 0.056056, 0.060615
9.466338, 0.055210, 0.059633
9.485729, 0.054407, 0.058703
9.505142, 0.053637, 0.057817
9.524578, 0.052893, 0.056964
9.544036, 0.052168, 0.056137
9.563517, 0.051456, 0.055327
9.583020, 0.050751, 0.054527
9.602546, 0.050051, 0.053731
9.622094, 0.049353, 0.052938
9.641665, 0.048658, 0.052148
9.661259, 0.047970, 0.051363
9.680875, 0.047295, 0.050592
9.700515, 0.046638, 0.049840
9.720177, 0.046006, 0.049113
9.739862, 0.045401, 0.048417
9.759570, 0.044826, 0.047754
9.779300, 0.044281, 0.047123
9.799054, 0.043766, 0.046523
9.818831, 0.043278, 0.045953
9.838631, 0.042818, 0.045413
9.858454, 0.042386, 0.044903
9.878300, 0.041982, 0.044423
9.898169, 0.041605, 0.043974
9.918061, 0.041254, 0.043552
9.937977, 0.040924, 0.043155
9.957916, 0.040611, 0.042777
9.977879, 0.040311, 0.042414
9.997865, 0.040022, 0.042063
10.017874, 0.039742, 0.041723
10.037906, 0.039472, 0.041395
10.057963, 0.039214, 0.041081
10.078042, 0.038972, 0.040783
10.098146, 0.038746, 0.040504
10.118273, 0.038540, 0.040245
10.138423, 0.038357, 0.040009
10.158598, 0.038199, 0.039798
10.178796, 0.038070, 0.039616
10.199018, 0.037974, 0.039464
10.219264, 0.037915, 0.039348
10.239533, 0.037894, 0.039268
10.259827, 0.037913, 0.039225
10.280144, 0.037970, 0.039219
10.300486, 0.038061, 0.039245
10.320852, 0.038179, 0.039297
10.341241, 0.038316, 0.039369
10.361655, 0.038461, 0.039451
10.382093, 0.038604, 0.039534
10.402555, 0.038736, 0.039609
10.423042, 0.038848, 0.039670
10.443553, 0.038936, 0.039712
10.464088, 0.038999, 0.039735
10.484648, 0.039040, 0.039740
10.505232, 0.039064, 0.039733
10.525840, 0.039077, 0.039720
10.546473, 0.039087, 0.039705
10.567131, 0.039098, 0.039694
10.587813, 0.039115, 0.039690
10.608520, 0.039140, 0.039697
10.629252, 0.039176, 0.039715
10.650008, 0.039225, 0.039746
10.670789, 0.039289, 0.039793
10.691595, 0.039368, 0.039855
10.712426, 0.039463, 0.039931
10.733282, 0.039570, 0.040016
10.754163, 0.039684, 0.040107
10.775069, 0.039800, 0.040196
10.796000, 0.039914, 0.040280
10.816956, 0.040025, 0.040357
10.837937, 0.040136, 0.040431
10.858943, 0.040252, 0.040505
10.879975, 0.040379, 0.040589
10.901032, 0.040524, 0.040687
10.922114, 0.040690, 0.040804
10.943222, 0.040879, 0.040942
10.964355, 0.041088, 0.041099
10.985513, 0.041314, 0.041273
11.006697, 0.041556, 0.041461
11.027907, 0.041813, 0.041664
11.049142, 0.042087, 0.041881
11.070403, 0.042381, 0.042115
11.091689, 0.042700, 0.042368
11.113002, 0.043046, 0.042642
11.134340, 0.043424, 0.042939
11.155704, 0.043835, 0.043260
11.177094, 0.044282, 0.043605
11.198510, 0.044765, 0.043975
11.219951, 0.045287, 0.044370
11.241419, 0.045852, 0.044793
11.262913, 0.046468, 0.045250
11.284433, 0.047145, 0.045750
11.305979, 0.047899, 0.046308
11.327552, 0.048748, 0.046942
11.349150, 0.049711, 0.047670
11.370775, 0.050799, 0.048506
11.392427, 0.052018, 0.049458
11.414105, 0.053364, 0.050528
11.435809, 0.054821, 0.051706
11.457540, 0.056367, 0.052978
11.479297, 0.057972, 0.054320
11.501081, 0.059603, 0.055707
11.522892, 0.061229, 0.057113
11.544729, 0.062823, 0.058515
11.566593, 0.064371, 0.059899
11.588484, 0.065876, 0.061262
11.610402, 0.067355, 0.062613
11.632346, 0.068840, 0.063974
11.654318, 0.070370, 0.065374
11.676317, 0.071983, 0.066842
11.698342, 0.073705, 0.068396
11.720395, 0.075541, 0.070039
11.742475, 0.077473, 0.071757
11.764582, 0.079466, 0.073518
11.786717, 0.081476, 0.075282
11.808878, 0.083460, 0.077014
11.831067, 0.085386, 0.078685
11.853284, 0.087237, 0.080283
11.875528, 0.089007, 0.081804
11.897799, 0.090694, 0.083251
11.920098, 0.092296, 0.084625
11.942425, 0.093809, 0.085927
11.964779, 0.095225, 0.087154
11.987161, 0.096537, 0.088303
12.009571, 0.097740, 0.089372
12.032008, 0.098842, 0.090366
12.054474, 0.099858, 0.091295
12.076967, 0.100811, 0.092176
12.099488, 0.101723, 0.093024
12.122038, 0.102611, 0.093851
12.144615, 0.103477, 0.094656
12.167221, 0.104313, 0.095432
12.189854, 0.105105, 0.096167
12.212516, 0.105836, 0.096850
12.235207, 0.106500, 0.097478
12.257925, 0.107103, 0.098060
12.280672, 0.107666, 0.098616
12.303448, 0.108223, 0.099175
12.326252, 0.108813, 0.099770
12.349084, 0.109472, 0.100433
12.371945, 0.110224, 0.101184
12.394835, 0.111077, 0.102027
12.417754, 0.112021, 0.102956
12.440701, 0.113039, 0.103953
12.463677, 0.114115, 0.105005
12.486682, 0.115241, 0.106103
12.509716, 0.116410, 0.107239
12.532779, 0.117605, 0.108398
12.555871, 0.118790, 0.109545
12.578992, 0.119906, 0.110624
12.602142, 0.120873, 0.111563
12.625321, 0.121606, 0.112284
12.648530, 0.122032, 0.112723
12.671768, 0.122112, 0.112849
12.695035, 0.121860, 0.112674
12.718332, 0.121348, 0.112267
12.741658, 0.120689, 0.111730
12.765014, 0.120009, 0.111179
12.788399, 0.119408, 0.110704
12.811814, 0.118936, 0.110355
12.835259, 0.118593, 0.110130
12.858734, 0.118332, 0.109992
12.882238, 0.118088, 0.109880
12.905772, 0.117795, 0.109734
12.929336, 0.117409, 0.109511
12.952931, 0.116917, 0.109195
12.976555, 0.116342, 0.108799
13.000209, 0.115738, 0.108368
13.023894, 0.115181, 0.107967
13.047608, 0.114759, 0.107673
13.071353, 0.114559, 0.107563
13.095129, 0.114653, 0.107704
13.118935, 0.115086, 0.108141
13.142771, 0.115870, 0.108889
13.166637, 0.116981, 0.109934
13.190535, 0.118359, 0.111228
13.214463, 0.119920, 0.112703
13.238421, 0.121559, 0.114266
13.262411, 0.123156, 0.115813
13.286431, 0.124589, 0.117231
13.310482, 0.125748, 0.118413
13.334564, 0.126555, 0.119279
13.358677, 0.126984, 0.119795
13.382821, 0.127071, 0.119986
13.406996, 0.126906, 0.119931
13.431202, 0.126606, 0.119739
13.455440, 0.126284, 0.119517
13.479709, 0.126024, 0.119348
13.504009, 0.125873, 0.119280
13.528340, 0.125841, 0.119327
13.552703, 0.125915, 0.119476
13.577098, 0.126067, 0.119704
13.601524, 0.126261, 0.119980
13.625982, 0.126463, 0.120275
13.650471, 0.126638, 0.120558
13.674993, 0.126751, 0.120803
13.699546, 0.126775, 0.120984
13.724131, 0.126685, 0.121081
13.748748, 0.126469, 0.121078
13.773397, 0.126126, 0.120966
13.798078, 0.125667, 0.120748
13.822792, 0.125113, 0.120431
13.847537, 0.124494, 0.120035
13.872315, 0.123847, 0.119588
13.897125, 0.123215, 0.119131
13.921968, 0.122645, 0.118709
13.946843, 0.122169, 0.118362
13.971750, 0.121805, 0.118112
13.996690, 0.121539, 0.117956
14.021663, 0.121340, 0.117868
14.046669, 0.121160, 0.117805
14.071707, 0.120952, 0.117723
14.096778, 0.120683, 0.117590
14.121882, 0.120341, 0.117395
14.147020, 0.119942, 0.117154
14.172190, 0.119529, 0.116908
14.197393, 0.119164, 0.116714
14.222629, 0.118912, 0.116635
14.247899, 0.118835, 0.116727
14.273202, 0.118971, 0.117028
14.298538, 0.119340, 0.117554
14.323908, 0.119932, 0.118300
14.349311, 0.120722, 0.119241
14.374748, 0.121672, 0.120340
14.400219, 0.122739, 0.121559
14.425723, 0.123893, 0.122867
14.451261, 0.125115, 0.124244
14.476833, 0.126408, 0.125692
14.502439, 0.127791, 0.127224
14.528079, 0.129287, 0.128862
14.553752, 0.130921, 0.130625
14.579460, 0.132700, 0.132517
14.605202, 0.134614, 0.134524
14.630979, 0.136635, 0.136614
14.656789, 0.138719, 0.138737
14.682634, 0.140818, 0.140842
14.708514, 0.142894, 0.142890
14.734428, 0.144931, 0.144869
14.760376, 0.146945, 0.146805
14.786360, 0.148980, 0.148751
14.812378, 0.151098, 0.150780
14.838431, 0.153365, 0.152962
14.864518, 0.155826, 0.155346
14.890641, 0.158492, 0.157945
14.916799, 0.161336, 0.160734
14.942991, 0.164306, 0.163659
14.969219, 0.167345, 0.166663
14.995482, 0.170415, 0.169704
15.021781, 0.173501, 0.172763
15.048114, 0.176606, 0.175837
15.074484, 0.179728, 0.178919
15.100888, 0.182840, 0.181983
15.127329, 0.185880, 0.184968
15.153804, 0.188764, 0.187796
15.180316, 0.191413, 0.190390
15.206864, 0.193782, 0.192708
15.233447, 0.195880, 0.194752
15.260066, 0.197755, 0.196566
15.286721, 0.199472, 0.198211
15.313413, 0.201091, 0.199742
15.340140, 0.202649, 0.201199
15.366904, 0.204169, 0.202603
15.393704, 0.205658, 0.203966
15.420541, 0.207110, 0.205283
15.447414, 0.208510, 0.206541
15.474323, 0.209844, 0.207725
15.501269, 0.211117, 0.208838
15.528252, 0.212366, 0.209918
15.555271, 0.213661, 0.211041
15.582328, 0.215092, 0.212299
15.609421, 0.216737, 0.213780
15.636551, 0.218646, 0.215534
15.663718, 0.220828, 0.217566
15.690923, 0.223267, 0.219850
15.718164, 0.225944, 0.222353
15.745443, 0.228853, 0.225055
15.772760, 0.232008, 0.227956
15.800113, 0.235430, 0.231071
15.827504, 0.239137, 0.234410
15.854933, 0.243122, 0.237965
15.882400, 0.247351, 0.241701
15.909904, 0.251745, 0.245542
15.937446, 0.256166, 0.249368
15.965026, 0.260418, 0.253011
15.992644, 0.264271, 0.256278
16.020300, 0.267519, 0.258996
16.047994, 0.270026, 0.261045
16.075727, 0.271745, 0.262382
16.103497, 0.272722, 0.263046
16.131306, 0.273074, 0.263149
16.159154, 0.272974, 0.262867
16.187040, 0.272621, 0.262408
16.214964, 0.272191, 0.261965
16.242928, 0.271792, 0.261667
16.270930, 0.271437, 0.261548
16.298971, 0.271057, 0.261546
16.327051, 0.270562, 0.261558
16.355170, 0.269901, 0.261499
16.383328, 0.269107, 0.261353
16.411525, 0.268287, 0.261180
16.439762, 0.267597, 0.261095
16.468038, 0.267200, 0.261242
16.496353, 0.267241, 0.261759
16.524708, 0.267810, 0.262743
16.553102, 0.268920, 0.264228
16.581536, 0.270504, 0.266166
16.610010, 0.272433, 0.268440
16.638524, 0.274546, 0.270889
16.667077, 0.276670, 0.273332
16.695671, 0.278636, 0.275582
16.724305, 0.280294, 0.277473
16.752978, 0.281544, 0.278884
16.781693, 0.282367, 0.279775
16.810447, 0.282837, 0.280205
16.839242, 0.283093, 0.280308
16.868078, 0.283299, 0.280255
16.896954, 0.283618, 0.280233
16.925870, 0.284197, 0.280426
16.954828, 0.285149, 0.280993
16.983826, 0.286521, 0.282028
17.012866, 0.288276, 0.283528
17.041946, 0.290312, 0.285408
17.071068, 0.292512, 0.287538
17.100231, 0.294782, 0.289804
17.129435, 0.297076, 0.292141
17.158680, 0.299371, 0.294523
17.187967, 0.301644, 0.296935
17.217295, 0.303840, 0.299335
17.246666, 0.305873, 0.301636
17.276078, 0.307633, 0.303715
17.305531, 0.309031, 0.305457
17.335027, 0.310046, 0.306816
17.364565, 0.310753, 0.307844
17.394144, 0.311295, 0.308671
17.423766, 0.311819, 0.309447
17.453430, 0.312426, 0.310285
17.483137, 0.313166, 0.311253
17.512886, 0.314073, 0.312401
17.542678, 0.315211, 0.313795
17.572512, 0.316682, 0.315525
17.602389, 0.318601, 0.317681
17.632309, 0.321049, 0.320309
17.662271, 0.324046, 0.323392
17.692277, 0.327548, 0.326864
17.722326, 0.331486, 0.330649
17.752418, 0.335801, 0.334700
17.782553, 0.340472, 0.339015
17.812732, 0.345495, 0.343614
17.842954, 0.350844, 0.348491
17.873220, 0.356429, 0.353579
17.903530, 0.362066, 0.358733
17.933883, 0.367490, 0.363728
17.964280, 0.372375, 0.368288
17.994721, 0.376414, 0.372135
18.025206, 0.379382, 0.375059
18.055735, 0.381182, 0.376956
18.086308, 0.381830, 0.377816
18.116926, 0.381425, 0.377707
18.147588, 0.380120, 0.376755
18.178295, 0.378105, 0.375132
18.209047, 0.375606, 0.373052
18.239843, 0.372889, 0.370768
18.270683, 0.370250, 0.368566
18.301569, 0.367985, 0.366735
18.332500, 0.366346, 0.365520
18.363476, 0.365503, 0.365089
18.394497, 0.365541, 0.365518
18.425564, 0.366467, 0.366804
18.456676, 0.368243, 0.368893
18.487833, 0.370826, 0.371718
18.519036, 0.374198, 0.375240
18.550285, 0.378381, 0.379469
18.581579, 0.383396, 0.384436
18.612920, 0.389204, 0.390134
18.644306, 0.395694, 0.396491
18.675739, 0.402728, 0.403396
18.707217, 0.410220, 0.410766
18.738743, 0.418161, 0.418577
18.770314, 0.426541, 0.426808
18.801932, 0.435196, 0.435298
18.833597, 0.443690, 0.443634
18.865308, 0.451349, 0.451167
18.897067, 0.457497, 0.457231
18.928872, 0.461762, 0.461445
18.960724, 0.464198, 0.463843
18.992623, 0.465152, 0.464752
19.024570, 0.465017, 0.464554
19.056564, 0.464091, 0.463536
19.088605, 0.462605, 0.461930
19.120694, 0.460844, 0.460022
19.152831, 0.459214, 0.458223
19.185015, 0.458169, 0.456995
19.217248, 0.458062, 0.456699
19.249528, 0.459003, 0.457459
19.281857, 0.460848, 0.459143
19.314233, 0.463306, 0.461467
19.346658, 0.466124, 0.464175
19.379132, 0.469211, 0.467168
19.411653, 0.472640, 0.470503
19.444224, 0.476542, 0.474295
19.476843, 0.481007, 0.478611
19.509511, 0.486008, 0.483397
19.542229, 0.491378, 0.488460
19.574995, 0.496822, 0.493485
19.607810, 0.501992, 0.498116
19.640675, 0.506613, 0.502090
19.673589, 0.510589, 0.505347
19.706553, 0.514034, 0.508052
19.739566, 0.517215, 0.510527
19.772629, 0.520446, 0.513129
19.805742, 0.523998, 0.516154
19.838905, 0.528071, 0.519799
19.872118, 0.532790, 0.524174
19.905381, 0.538209, 0.529313
19.938694, 0.544281, 0.535150
19.972058, 0.550805, 0.541484
20.005473, 0.557442, 0.547984
20.038938, 0.563818, 0.554290
20.072454, 0.569690, 0.560162
20.106020, 0.575030, 0.565572
20.139638, 0.580005, 0.570669
20.173307, 0.584865, 0.575679
20.207027, 0.589830, 0.580789
20.240799, 0.594972, 0.586037
20.274622, 0.600157, 0.591268
20.308496, 0.605139, 0.596237
20.342422, 0.609774, 0.600821
20.376400, 0.614208, 0.605185
20.410431, 0.618855, 0.609756
20.444513, 0.624156, 0.614960
20.478647, 0.630265, 0.620921
20.512833, 0.636877, 0.627304
20.547072, 0.643313, 0.633431
20.581364, 0.648845, 0.638604
20.615708, 0.653078, 0.642471
20.650105, 0.656128, 0.645186
20.684555, 0.658515, 0.647276
20.719058, 0.660881, 0.649371
20.753614, 0.663795, 0.652018
20.788224, 0.667705, 0.655645
20.822886, 0.672983, 0.660623
20.857603, 0.679955, 0.667294
20.892373, 0.688768, 0.675844
20.927196, 0.699157, 0.686073
20.962074, 0.710376, 0.697304
20.997006, 0.721459, 0.708617
21.031991, 0.731599, 0.719207
21.067031, 0.740368, 0.728594
21.102126, 0.747677, 0.736598
21.137275, 0.753676, 0.743269
21.172478, 0.758722, 0.748878
21.207737, 0.763376, 0.753948
21.243050, 0.768315, 0.759137
21.278419, 0.774092, 0.764990
21.313842, 0.780910, 0.771687
21.349321, 0.788530, 0.778962
21.384855, 0.796386, 0.786252
21.420445, 0.803870, 0.792995
21.456091, 0.810575, 0.798873
21.491792, 0.816311, 0.803819
21.527549, 0.820939, 0.807823
21.563363, 0.824280, 0.810813
21.599232, 0.826306, 0.812796
21.635158, 0.827450, 0.814140
21.671141, 0.828614, 0.815635
21.707180, 0.830749, 0.818142
21.743275, 0.834363, 0.822136
21.779428, 0.839408, 0.827585
21.815638, 0.845594, 0.834230
21.851904, 0.852728, 0.841894
21.888228, 0.860762, 0.850508
21.924610, 0.869675, 0.859994
21.961049, 0.879442, 0.870254
21.997546, 0.890000, 0.881180
22.034100, 0.901061, 0.892500
22.070713, 0.912024, 0.903662
22.107383, 0.922270, 0.914077
22.144112, 0.931612, 0.923504
22.180900, 0.940375, 0.932138
22.217745, 0.949081, 0.940333
22.254650, 0.958139, 0.948357
22.291613, 0.967815, 0.956385
22.328635, 0.978323, 0.964604
22.365717, 0.989890, 0.973309
22.402857, 1.002697, 0.982861
22.440057, 1.016656, 0.993459
22.477316, 1.031142, 1.004773
22.514635, 1.044921, 1.015792
22.552014, 1.056506, 1.025162
22.589453, 1.064967, 1.031999
22.626952, 1.070742, 1.036656
22.664511, 1.075681, 1.040750
22.702131, 1.082181, 1.046328
22.739810, 1.092117, 1.054909
22.777551, 1.106309, 1.067059
22.815353, 1.124510, 1.082441
22.853215, 1.145419, 1.099868
22.891139, 1.166689, 1.117271
22.929123, 1.185323, 1.132017
22.967170, 1.198633, 1.141758
23.005277, 1.205300, 1.145394
23.043447, 1.205906, 1.143559
23.081678, 1.202637, 1.138325
23.119971, 1.198358, 1.132344
23.158327, 1.195766, 1.128021
23.196745, 1.196944, 1.127070
23.235225, 1.203162, 1.130360
23.273768, 1.214740, 1.137893
23.312373, 1.231045, 1.148925
23.351042, 1.250685, 1.162226
23.389773, 1.271897, 1.176436
23.428568, 1.292998, 1.190380
23.467426, 1.312754, 1.203290
23.506348, 1.330681, 1.214987
23.545333, 1.347201, 1.225976
23.584383, 1.363518, 1.237304
23.623496, 1.381114, 1.250153
23.662673, 1.401026, 1.265324
23.701915, 1.423229, 1.282766
23.741221, 1.446351, 1.301307
23.780592, 1.468017, 1.318844
23.820028, 1.485732, 1.333068
23.859528, 1.497922, 1.342412
23.899094, 1.504692, 1.346772
23.938725, 1.507931, 1.347588
23.978421, 1.510518, 1.347187
24.018183, 1.515004, 1.347739
24.058011, 1.522625, 1.350508
24.097905, 1.533206, 1.355725
24.137865, 1.545711, 1.362874
24.177891, 1.558869, 1.371014
24.217983, 1.571689, 1.379176
24.258142, 1.583975, 1.386997
24.298368, 1.596546, 1.395138
24.338661, 1.610711, 1.404938
24.379021, 1.627356, 1.417558
24.419448, 1.646462, 1.433379
24.459943, 1.667362, 1.452024
24.500505, 1.689232, 1.472712
24.541134, 1.711348, 1.494548
24.581832, 1.733181, 1.516681
24.622598, 1.754381, 1.538337
24.663432, 1.774645, 1.558798
24.704335, 1.793714, 1.577538
24.745306, 1.811473, 1.594409
24.786346, 1.827681, 1.609423
24.827455, 1.841693, 1.622396
24.868633, 1.853043, 1.633179
24.909881, 1.862360, 1.642317
24.951198, 1.871049, 1.650952
24.992584, 1.879837, 1.659888
25.034041, 1.888105, 1.669018
25.075567, 1.894788, 1.677772
25.117164, 1.899853, 1.686077
25.158831, 1.904692, 1.694801
25.200568, 1.910739, 1.704878
25.242377, 1.917714, 1.715928
25.284256, 1.923539, 1.726059
25.326206, 1.925946, 1.733139
25.368228, 1.924075, 1.736230
25.410321, 1.919037, 1.736164
25.452485, 1.913586, 1.735276
25.494722, 1.910926, 1.736363
25.537030, 1.913024, 1.741279
25.579411, 1.919541, 1.749987
25.621864, 1.928156, 1.760625
25.664390, 1.935949, 1.770513
25.706988, 1.940938, 1.777617
25.749659, 1.942785, 1.781486
25.792403, 1.942389, 1.783029
25.835221, 1.941212, 1.783746
25.878112, 1.941003, 1.785281
25.921077, 1.943391, 1.789030
25.964116, 1.948877, 1.795382
26.007229, 1.956139, 1.803144
26.050416, 1.963111, 1.810405
26.093677, 1.969203, 1.816583
26.137013, 1.975839, 1.823156
26.180424, 1.984683, 1.832092
26.223910, 1.996000, 1.844060
26.267471, 2.008720, 1.858218
26.311108, 2.021591, 1.873334
26.354820, 2.034456, 1.889082
26.398608, 2.048725, 1.906419
26.442472, 2.066164, 1.926682
26.486413, 2.086831, 1.950043
26.530429, 2.108472, 1.974858
26.574522, 2.128283, 1.998766
26.618692, 2.144852, 2.020201
26.662940, 2.158007, 2.038501
26.707264, 2.168118, 2.053614
26.751665, 2.176611, 2.066597
26.796145, 2.186269, 2.079749
26.840702, 2.200096, 2.095646
26.885337, 2.219670, 2.115899
26.930050, 2.244205, 2.140349
26.974842, 2.270813, 2.166996
27.019712, 2.295701, 2.192808
27.064662, 2.315902, 2.215241
27.109690, 2.330714, 2.233616
27.154798, 2.341932, 2.249483
27.199985, 2.352702, 2.265814
27.245251, 2.365408, 2.285068
27.290598, 2.379681, 2.306902
27.336025, 2.392767, 2.327991
27.381532, 2.402054, 2.344663
27.427119, 2.406519, 2.355149
27.472788, 2.406605, 2.359768
27.518537, 2.404479, 2.360747
27.564367, 2.403783, 2.361761
27.610279, 2.407865, 2.366394
27.656272, 2.418146, 2.376623
27.702348, 2.434151, 2.392634
27.748505, 2.454185, 2.413337
27.794744, 2.475643, 2.436641
27.841067, 2.495894, 2.460106
27.887471, 2.513621, 2.482094
27.933959, 2.528871, 2.502157
27.980530, 2.541898, 2.520373
28.027184, 2.552090, 2.536232
28.073922, 2.557862, 2.548008
28.120743, 2.558174, 2.554006
28.167649, 2.554275, 2.554751
28.214639, 2.548941, 2.552888
28.261713, 2.544207, 2.550977
28.308872, 2.540437, 2.550143
28.356116, 2.536443, 2.549739
28.403446, 2.529863, 2.547281
28.450860, 2.518629, 2.539737
28.498361, 2.503226, 2.526412
28.545947, 2.487036, 2.510404
28.593619, 2.473936, 2.496594
28.641378, 2.466052, 2.488610
28.689223, 2.463380, 2.487343
28.737155, 2.464550, 2.491214
28.785174, 2.467744, 2.497426
28.833280, 2.471067, 2.503172
28.881474, 2.472244, 2.505858
28.929756, 2.468444, 2.502713
28.978126, 2.457320, 2.491475
29.026584, 2.438219, 2.471614
29.075130, 2.412450, 2.444621
29.123765, 2.383308, 2.413960
29.172489, 2.355525, 2.384532
29.221303, 2.333259, 2.360752
29.270206, 2.317232, 2.343711
29.319198, 2.303965, 2.330234
29.368281, 2.289061, 2.315914
29.417453, 2.270521, 2.298378
29.466717, 2.248317, 2.277003
29.516071, 2.223031, 2.251848
29.565515, 2.195728, 2.223901
29.615051, 2.167571, 2.194703
29.664679, 2.139279, 2.165453
29.714398, 2.111711, 2.137139
29.764209, 2.086845, 2.111434
29.814113, 2.067122, 2.090430
29.864109, 2.053401, 2.074992
29.914197, 2.043520, 2.063358
29.964379, 2.032530, 2.051109
30.014654, 2.015280, 2.033383
30.065022, 1.989781, 2.008036
30.115484, 1.957860, 1.976447
30.166041, 1.922694, 1.941423
30.216691, 1.886110, 1.904691
30.267436, 1.848374, 1.866515
30.318276, 1.810326, 1.827578
30.369211, 1.774969, 1.790640
30.420242, 1.745982, 1.759423
30.471368, 1.724550, 1.735598
30.522589, 1.708284, 1.717415
30.573908, 1.693482, 1.701505
30.625322, 1.677636, 1.685364
30.676833, 1.659425, 1.667581
30.728442, 1.637907, 1.646904
30.780147, 1.612930, 1.622522
30.831950, 1.585668, 1.595090
30.883851, 1.557683, 1.566276
30.935850, 1.529616, 1.537222
30.987947, 1.501700, 1.508458
31.040143, 1.475188, 1.481143
31.092438, 1.451867, 1.456950
31.144832, 1.432047, 1.436308
31.197326, 1.414170, 1.417811
31.249919, 1.396762, 1.399965
31.302613, 1.379974, 1.382827
31.355406, 1.364727, 1.367356
31.408301, 1.350823, 1.353524
31.461296, 1.336466, 1.339635
31.514393, 1.319802, 1.323706
31.567591, 1.301220, 1.305840
31.620891, 1.283642, 1.288782
31.674292, 1.269963, 1.275530
31.727797, 1.260876, 1.267035
31.781404, 1.255099, 1.262091
31.835114, 1.250142, 1.258023
31.888927, 1.243137, 1.251731
31.942844, 1.232355, 1.241431
31.996864, 1.217454, 1.227003
32.050989, 1.198563, 1.208821
32.105219, 1.176457, 1.187509
32.159553, 1.153296, 1.164794
32.213992, 1.132368, 1.143779
32.268536, 1.116339, 1.127385
32.323186, 1.105648, 1.116401
32.377943, 1.098684, 1.109369
32.432805, 1.093038, 1.103883
32.487774, 1.086458, 1.097690
32.542850, 1.077435, 1.089350
32.598033, 1.065455, 1.078426
32.653324, 1.051024, 1.065293
32.708723, 1.035820, 1.051279
32.764230, 1.021526, 1.037803
32.819845, 1.008494, 1.025172
32.875569, 0.996780, 1.013582
32.931403, 0.987173, 1.004037
32.987345, 0.979913, 0.996849
33.043398, 0.973917, 0.990790
33.099560, 0.968091, 0.984606
33.155833, 0.962222, 0.978104
33.212217, 0.956604, 0.971638
33.268712, 0.952128, 0.966045
33.325318, 0.950353, 0.962951
33.382036, 0.951727, 0.963173
33.438866, 0.954153, 0.965010
33.495809, 0.954451, 0.965335
33.552864, 0.950759, 0.961952
33.610032, 0.943238, 0.954579
33.667314, 0.933552, 0.944574
33.724710, 0.923676, 0.933889
33.782219, 0.914883, 0.923966
33.839843, 0.908094, 0.915904
33.897582, 0.903731, 0.910324
33.955435, 0.901114, 0.906740
34.013405, 0.899392, 0.904278
34.071490, 0.898607, 0.902782
34.129691, 0.899114, 0.902561
34.188009, 0.900208, 0.903138
34.246443, 0.900256, 0.903027
34.304995, 0.898217, 0.901095
34.363664, 0.894075, 0.897257
34.422451, 0.888501, 0.892169
34.481357, 0.882529, 0.886776
34.540381, 0.876642, 0.881504
34.599524, 0.870659, 0.876293
34.658786, 0.865090, 0.871710
34.718168, 0.861213, 0.868971
34.777670, 0.859150, 0.868325
34.837293, 0.857319, 0.868475
34.897036, 0.853695, 0.867541
34.956901, 0.846951, 0.864017
35.016887, 0.836979, 0.857336
35.076995, 0.825025, 0.848249
35.137225, 0.812902, 0.838417
35.197578, 0.801389, 0.828767
35.258054, 0.789614, 0.818549
35.318653, 0.776429, 0.806587
35.379376, 0.762066, 0.793121
35.440223, 0.747586, 0.779427
35.501195, 0.733319, 0.766175
35.562291, 0.718599, 0.753089
35.623513, 0.702765, 0.739548
35.684861, 0.686642, 0.725756
35.746334, 0.672186, 0.712861
35.807935, 0.660560, 0.701644
35.869661, 0.651496, 0.691953
35.931516, 0.644637, 0.683848
35.993498, 0.640559, 0.678453
36.055607, 0.639840, 0.676886
36.117846, 0.641891, 0.678876
36.180213, 0.644918, 0.682715
36.242709, 0.646553, 0.686032
36.305335, 0.644928, 0.686801
36.368091, 0.639137, 0.683862
36.430978, 0.628879, 0.676604
36.493995, 0.614569, 0.664907
36.557144, 0.598047, 0.650157
36.620424, 0.581576, 0.634736
36.683836, 0.566303, 0.620073
36.747381, 0.552464, 0.606345
36.811059, 0.540306, 0.593545
36.874870, 0.530282, 0.582092
36.938815, 0.522657, 0.572631
37.002894, 0.517300, 0.565592
37.067107, 0.513503, 0.560602
37.131456, 0.510017, 0.556365
37.195940, 0.506004, 0.551779
37.260560, 0.501806, 0.547101
37.325316, 0.497940, 0.543108
37.390209, 0.493598, 0.539078
37.455239, 0.487368, 0.533093
37.520407, 0.479764, 0.525085
37.585712, 0.472166, 0.516472
37.651157, 0.464569, 0.507595
37.716740, 0.456883, 0.498494
37.782462, 0.450034, 0.490265
37.848324, 0.444538, 0.483948
37.914327, 0.439612, 0.479373
37.980470, 0.434017, 0.475686
38.046754, 0.427283, 0.472352
38.113180, 0.419571, 0.468795
38.179748, 0.411050, 0.464042
38.246459, 0.401764, 0.457403
38.313313, 0.391610, 0.448665
38.380309, 0.381071, 0.438325
38.447450, 0.371459, 0.427848
38.514735, 0.363413, 0.418474
38.582165, 0.356349, 0.410039
38.649741, 0.349579, 0.401615
38.717462, 0.342945, 0.392592
38.785329, 0.336390, 0.382981
38.853343, 0.329721, 0.373079
38.921504, 0.323035, 0.363243
38.989813, 0.317093, 0.354290
39.058270, 0.312702, 0.347298
39.126876, 0.309543, 0.342222
39.195630, 0.306508, 0.337812
39.264535, 0.303191, 0.333185
39.333589, 0.300170, 0.328639
39.402794, 0.298016, 0.324987
39.472150, 0.296709, 0.322676
39.541658, 0.295404, 0.321099
39.611317, 0.292977, 0.319086
39.681129, 0.288872, 0.315742
39.751095, 0.283620, 0.310946
39.821214, 0.278659, 0.305730
39.891486, 0.274578, 0.300704
39.961914, 0.270488, 0.295245
40.032496, 0.265890, 0.289352
40.103235, 0.261458, 0.284072
40.174129, 0.257958, 0.280185
40.245180, 0.255463, 0.277544
40.316388, 0.253517, 0.275448
40.387754, 0.251287, 0.272990
40.459278, 0.248162, 0.269514
40.530960, 0.244157, 0.264880
40.602802, 0.239997, 0.259764
40.674804, 0.236440, 0.255167
40.746966, 0.233161, 0.250959
40.819289, 0.229509, 0.246456
40.891773, 0.226082, 0.242294
40.964420, 0.223870, 0.239627
41.037228, 0.222428, 0.238050
41.110200, 0.220747, 0.236429
41.183335, 0.218677, 0.234573
41.256635, 0.216440, 0.232704
41.330099, 0.214063, 0.230738
41.403728, 0.211779, 0.228803
41.477524, 0.209922, 0.227197
41.551485, 0.208322, 0.225702
41.625614, 0.206314, 0.223559
41.699909, 0.203439, 0.220447
41.774373, 0.200230, 0.217286
41.849006, 0.197669, 0.215304
41.923808, 0.195900, 0.214567
41.998779, 0.194325, 0.214206
42.073921, 0.192568, 0.213535
42.149234, 0.190565, 0.212268
42.224718, 0.188356, 0.210385
42.300375, 0.185902, 0.207766
42.376204, 0.183120, 0.204313
42.452206, 0.180152, 0.200426
42.528383, 0.177372, 0.196757
42.604733, 0.174678, 0.193245
42.681259, 0.171930, 0.189717
42.757961, 0.169547, 0.186709
42.834838, 0.167818, 0.184524
42.911893, 0.166486, 0.182635
42.989125, 0.165197, 0.180458
43.066536, 0.163664, 0.177746
43.144125, 0.161757, 0.174566
43.221893, 0.159736, 0.171408
43.299841, 0.158015, 0.168813
43.377970, 0.156690, 0.166816
43.456281, 0.155468, 0.164944
43.534773, 0.154044, 0.162794
43.613447, 0.152294, 0.160325
43.692305, 0.150113, 0.157625
43.771346, 0.147899, 0.155127
43.850572, 0.146404, 0.153384
43.929983, 0.145721, 0.152342
44.009580, 0.145073, 0.151258
44.089363, 0.143864, 0.149595
44.169333, 0.142399, 0.147678
44.249490, 0.140991, 0.145766
44.329836, 0.139662, 0.143797
44.410371, 0.138528, 0.141889
44.491096, 0.137580, 0.140096
44.572011, 0.136781, 0.138482
44.653117, 0.136188, 0.137191
44.734415, 0.135388, 0.135733
44.815905, 0.133582, 0.133097
44.897588, 0.130763, 0.129290
44.979465, 0.127939, 0.125505
45.061537, 0.125761, 0.122525
45.143803, 0.124104, 0.120220
45.226265, 0.122833, 0.118371
45.308924, 0.121823, 0.116853
45.391780, 0.120693, 0.115359
45.474834, 0.119148, 0.113682
45.558087, 0.117353, 0.112040
45.641539, 0.115546, 0.110550
45.725191, 0.113941, 0.109117
45.809044, 0.112917, 0.108008
45.893098, 0.112431, 0.107388
45.977355, 0.111935, 0.106825
46.061814, 0.111156, 0.105909
46.146477, 0.110347, 0.104834
46.231345, 0.109759, 0.103927
46.316418, 0.109509, 0.103325
46.401697, 0.109452, 0.102922
46.487183, 0.109137, 0.102331
46.572876, 0.108284, 0.101269
46.658777, 0.107272, 0.099962
46.744887, 0.106639, 0.098811
46.831207, 0.106109, 0.097630
46.917737, 0.105158, 0.095975
47.004479, 0.104054, 0.094071
47.091432, 0.103439, 0.092568
47.178599, 0.103581, 0.091798
47.265979, 0.104371, 0.091682
47.353573, 0.105406, 0.091786
47.441382, 0.106114, 0.091633
47.529408, 0.106061, 0.090940
47.617650, 0.105428, 0.089811
47.706110, 0.104889, 0.088740
47.794788, 0.104655, 0.087876
47.883685, 0.104536, 0.087025
47.972803, 0.104577, 0.086134
48.062141, 0.105082, 0.085320
48.151701, 0.106309, 0.084811
48.241483, 0.107909, 0.084608
48.331488, 0.109224, 0.084493
48.421718, 0.109971, 0.084277
48.512172, 0.110404, 0.083948
48.602853, 0.110898, 0.083705
48.693760, 0.111288, 0.083549
48.784894, 0.111320, 0.083345
48.876257, 0.111086, 0.083071
48.967849, 0.110719, 0.082690
49.059671, 0.110493, 0.082369
49.151724, 0.110870, 0.082492
49.244009, 0.112006, 0.083308
49.336526, 0.113227, 0.084445
49.429277, 0.113996, 0.085439
49.522263, 0.114228, 0.086231
49.615484, 0.113422, 0.086453
49.708941, 0.111690, 0.085750
49.802635, 0.110120, 0.084601
49.896568, 0.109392, 0.083743
49.990739, 0.109259, 0.083338
50.085150, 0.109247, 0.083115
50.179802, 0.109231, 0.082901
50.274695, 0.109354, 0.082768
50.369832, 0.109873, 0.082919
50.465211, 0.110777, 0.083371
50.560836, 0.112044, 0.084097
50.656705, 0.113217, 0.084995
50.752821, 0.113482, 0.085654
50.849185, 0.112820, 0.085800
50.945796, 0.111677, 0.085483
51.042657, 0.110405, 0.084935
51.139769, 0.109100, 0.084400
51.237131, 0.107631, 0.083934
51.334745, 0.106009, 0.083336
51.432613, 0.104526, 0.082492
51.530735, 0.103591, 0.081709
51.629112, 0.103363, 0.081366
51.727745, 0.103666, 0.081553
51.826635, 0.104187, 0.082170
51.925783, 0.104408, 0.082889
52.025191, 0.103961, 0.083201
52.124858, 0.103178, 0.083177
52.224787, 0.102462, 0.083261
52.324978, 0.101780, 0.083428
52.425432, 0.101380, 0.083706
52.526151, 0.101237, 0.084118
52.627135, 0.100801, 0.084368
52.728385, 0.099931, 0.084243
52.829903, 0.099146, 0.084007
52.931689, 0.098531, 0.083772
53.033744, 0.098008, 0.083519
53.136071, 0.097863, 0.083507
53.238669, 0.098264, 0.083925
53.341539, 0.098780, 0.084689
53.444684, 0.098447, 0.085153
53.548104, 0.097140, 0.084725
53.651799, 0.096004, 0.083970
53.755772, 0.096005, 0.083948
53.860024, 0.096752, 0.084671
53.964554, 0.097362, 0.085413
54.069365, 0.097447, 0.085751
54.174458, 0.097169, 0.085771
54.279834, 0.096899, 0.085756
54.385493, 0.096828, 0.085883
54.491438, 0.096808, 0.086146
54.597669, 0.096381, 0.086156
54.704187, 0.095760, 0.085884
54.810994, 0.095419, 0.085744
54.918091, 0.094935, 0.085485
55.025479, 0.094253, 0.085013
55.133158, 0.093509, 0.084506
55.241131, 0.093096, 0.084396
55.349399, 0.093071, 0.084904
55.457962, 0.092509, 0.085135
55.566823, 0.091406, 0.084723
55.675981, 0.090477, 0.084282
55.785439, 0.090004, 0.084135
55.895197, 0.089973, 0.084395
56.005257, 0.089669, 0.084580
56.115621, 0.088903, 0.084208
56.226289, 0.088326, 0.083715
56.337262, 0.088247, 0.083810
56.448542, 0.088160, 0.084350
56.560131, 0.087585, 0.084707
56.672029, 0.086497, 0.084760
56.784237, 0.084855, 0.084194
56.896758, 0.083335, 0.083132
57.009592, 0.082689, 0.082485
57.122740, 0.082690, 0.082497
57.236205, 0.082742, 0.082781
57.349987, 0.082631, 0.083139
57.464087, 0.082595, 0.083646
57.578508, 0.082874, 0.084547
57.693250, 0.082997, 0.085444
57.808314, 0.082462, 0.085589
57.923703, 0.081248, 0.084749
58.039416, 0.079824, 0.083305
58.155457, 0.078925, 0.082025
58.271826, 0.078907, 0.081599
58.388524, 0.079209, 0.081857
58.505553, 0.079063, 0.081973
58.622915, 0.078293, 0.081479
58.740611, 0.077219, 0.080503
58.858641, 0.076474, 0.079650
58.977009, 0.076075, 0.079144
59.095714, 0.075857, 0.078978
59.214759, 0.075772, 0.079193
59.334145, 0.075321, 0.079316
59.453873, 0.074255, 0.078821
59.573946, 0.072991, 0.077778
59.694364, 0.072082, 0.076807
59.815128, 0.071490, 0.076209
59.936241, 0.070804, 0.075729
60.057704, 0.069887, 0.075060
60.179519, 0.069048, 0.074343
60.301686, 0.068359, 0.073627
60.424208, 0.068046, 0.073055
60.547086, 0.068410, 0.073240
60.670322, 0.068918, 0.073999
60.793917, 0.069105, 0.074720
60.917873, 0.069084, 0.075269
61.042191, 0.068751, 0.075407
61.166872, 0.068050, 0.075055
61.291920, 0.067134, 0.074360
61.417334, 0.066182, 0.073449
61.543117, 0.065492, 0.072676
61.669271, 0.064976, 0.072191
61.795797, 0.064352, 0.071628
61.922696, 0.064228, 0.071411
62.049971, 0.064558, 0.071790
62.177622, 0.064512, 0.071946
62.305653, 0.064420, 0.072030
62.434063, 0.064274, 0.072244
62.562856, 0.063500, 0.072006
62.692032, 0.062027, 0.070878
62.821594, 0.060374, 0.069142
62.951543, 0.059266, 0.067710
63.081882, 0.058681, 0.066825
63.212610, 0.058363, 0.066413
63.343732, 0.058006, 0.066185
63.475247, 0.057457, 0.065822
63.607159, 0.056697, 0.065161
63.739468, 0.055829, 0.064250
63.872177, 0.055072, 0.063370
64.005287, 0.054569, 0.062786
64.138800, 0.054226, 0.062450
64.272719, 0.053761, 0.062102
64.407044, 0.052784, 0.061150
64.541779, 0.051874, 0.060097
64.676924, 0.051211, 0.059336
64.812481, 0.050642, 0.058790
64.948453, 0.049831, 0.058052
65.084841, 0.048497, 0.056743
65.221647, 0.046970, 0.055105
65.358874, 0.045726, 0.053700
65.496523, 0.044648, 0.052438
65.634595, 0.044024, 0.051597
65.773094, 0.043622, 0.051275
65.912021, 0.042776, 0.050673
66.051377, 0.041748, 0.049552
66.191166, 0.041068, 0.048508
66.331388, 0.040631, 0.047670
66.472047, 0.040276, 0.046762
66.613144, 0.040295, 0.046231
66.754680, 0.040325, 0.046184
66.896659, 0.040081, 0.046180
67.039082, 0.039970, 0.046186
67.181952, 0.040167, 0.046421
67.325270, 0.040357, 0.046846
67.469038, 0.040362, 0.047282
67.613259, 0.040027, 0.047382
67.757935, 0.039665, 0.047215
67.903068, 0.039711, 0.047322
68.048660, 0.040089, 0.047900
68.194713, 0.040397, 0.048699
68.341230, 0.040270, 0.049374
68.488212, 0.039616, 0.049608
68.635663, 0.039043, 0.049299
68.783583, 0.039353, 0.049486
68.931976, 0.039563, 0.050484
69.080844, 0.038604, 0.051266
69.230189, 0.037336, 0.051308
69.380013, 0.036305, 0.051209
69.530318, 0.035311, 0.051251
69.681108, 0.034286, 0.051110
69.832383, 0.033203, 0.050737
69.984148, 0.032039, 0.050049
70.136403, 0.031092, 0.049377
70.289152, 0.030494, 0.049455
70.442396, 0.029825, 0.049980
70.596139, 0.029110, 0.050689
70.750382, 0.028345, 0.051487
70.905128, 0.027478, 0.052090
71.060380, 0.026458, 0.052179
71.216140, 0.025565, 0.052195
71.372410, 0.024421, 0.052125
71.529194, 0.023038, 0.051489
71.686492, 0.021719, 0.050392
71.844309, 0.020448, 0.048671
72.002647, 0.019090, 0.046171
72.161508, 0.017864, 0.043304
72.320895, 0.016734, 0.040153
72.480810, 0.015728, 0.036996
72.641256, 0.014992, 0.034370
72.802236, 0.014358, 0.032072
72.963753, 0.013710, 0.029820
73.125808, 0.013081, 0.027736
73.288406, 0.012569, 0.026133
73.451548, 0.012071, 0.024674
73.615237, 0.011645, 0.023253
73.779476, 0.011500, 0.022369
73.944268, 0.011460, 0.021725
74.109615, 0.011366, 0.020993
74.275521, 0.011151, 0.020153
74.441989, 0.010953, 0.019457
74.609020, 0.010843, 0.019001
74.776618, 0.010687, 0.018565
74.944786, 0.010328, 0.017805
75.113527, 0.009965, 0.016967
75.282844, 0.009639, 0.016207
75.452739, 0.009282, 0.015363
75.623216, 0.009027, 0.014618
75.794277, 0.008788, 0.013915
75.965926, 0.008418, 0.013052
76.138166, 0.008029, 0.012253
76.310999, 0.007628, 0.011503
76.484429, 0.007133, 0.010603
76.658460, 0.006688, 0.009790
76.833093, 0.006437, 0.009292
77.008332, 0.006351, 0.009078
77.184180, 0.006190, 0.008782
77.360642, 0.005979, 0.008407
77.537718, 0.005734, 0.007968
77.715414, 0.005579, 0.007677
77.893732, 0.005504, 0.007529
78.072675, 0.005382, 0.007322
78.252247, 0.005193, 0.007020
78.432451, 0.005019, 0.006734
78.613290, 0.004849, 0.006457
78.794769, 0.004669, 0.006176
78.976889, 0.004520, 0.005952
79.159655, 0.004422, 0.005798
79.343070, 0.004387, 0.005729
79.527137, 0.004353, 0.005678
79.711861, 0.004263, 0.005558
79.897244, 0.004242, 0.005524
80.083289, 0.004263, 0.005539
80.270002, 0.004167, 0.005397
80.457385, 0.004022, 0.005186
80.645441, 0.003906, 0.005013
80.834175, 0.003773, 0.004816
81.023590, 0.003660, 0.004656
81.213689, 0.003604, 0.004572
81.404478, 0.003524, 0.004457
81.595958, 0.003417, 0.004305
81.788134, 0.003224, 0.004047
81.981011, 0.002991, 0.003735
82.174591, 0.002826, 0.003506
82.368878, 0.002714, 0.003351
82.563877, 0.002540, 0.003125
82.759591, 0.002300, 0.002814
82.956025, 0.002143, 0.002604
83.153181, 0.002032, 0.002456
83.351065, 0.001951, 0.002346
83.549680, 0.001837, 0.002194
83.749031, 0.001740, 0.002066
83.949120, 0.001628, 0.001928
84.149954, 0.001440, 0.001693
84.351535, 0.001274, 0.001482
84.553868, 0.001151, 0.001325
84.756957, 0.001045, 0.001190
84.960806, 0.000954, 0.001077
85.165420, 0.000896, 0.001004
85.370803, 0.000840, 0.000935
85.576959, 0.000792, 0.000877
85.783893, 0.000743, 0.000819
85.991609, 0.000703, 0.000771
86.200111, 0.000676, 0.000738
86.409404, 0.000656, 0.000714
86.619493, 0.000641, 0.000695
86.830382, 0.000627, 0.000679
87.042075, 0.000616, 0.000665
87.254578, 0.000605, 0.000652
87.467894, 0.000595, 0.000639
87.682029, 0.000585, 0.000627
87.896987, 0.000576, 0.000616
88.112773, 0.000568, 0.000606
