# energy, eels_NLFC_w, eels_LFC_w
0.000000, -0.000000, 0.000000
0.010004, 0.000027, 0.000026
0.020017, 0.000054, 0.000052
0.030037, 0.000081, 0.000078
0.040066, 0.000108, 0.000104
0.050104, 0.000135, 0.000130
0.060149, 0.000162, 0.000156
0.070204, 0.000189, 0.000182
0.080266, 0.000216, 0.000208
0.090337, 0.000243, 0.000235
0.100416, 0.000270, 0.000261
0.110503, 0.000298, 0.000287
0.120599, 0.000325, 0.000313
0.130704, 0.000352, 0.000340
0.140817, 0.000379, 0.000366
0.150938, 0.000407, 0.000392
0.161067, 0.000434, 0.000419
0.171206, 0.000462, 0.000445
0.181352, 0.000489, 0.000472
0.191507, 0.000517, 0.000498
0.201671, 0.000545, 0.000525
0.211843, 0.000572, 0.000552
0.222023, 0.000600, 0.000579
0.232212, 0.000628, 0.000605
0.242410, 0.000656, 0.000632
0.252616, 0.000684, 0.000659
0.262831, 0.000711, 0.000686
0.273054, 0.000740, 0.000713
0.283286, 0.000768, 0.000740
0.293526, 0.000796, 0.000767
0.303775, 0.000824, 0.000795
0.314032, 0.000852, 0.000822
0.324299, 0.000881, 0.000849
0.334573, 0.000909, 0.000877
0.344857, 0.000938, 0.000904
0.355149, 0.000967, 0.000932
0.365449, 0.000995, 0.000959
0.375759, 0.001024, 0.000987
0.386077, 0.001053, 0.001015
0.396404, 0.001082, 0.001043
0.406739, 0.001111, 0.001071
0.417083, 0.001140, 0.001099
0.427436, 0.001169, 0.001127
0.437798, 0.001199, 0.001155
0.448168, 0.001228, 0.001184
0.458547, 0.001258, 0.001212
0.468935, 0.001287, 0.001241
0.479332, 0.001317, 0.001269
0.489737, 0.001347, 0.001298
0.500151, 0.001377, 0.001327
0.510574, 0.001407, 0.001356
0.521006, 0.001437, 0.001385
0.531447, 0.001468, 0.001414
0.541896, 0.001498, 0.001443
0.552355, 0.001529, 0.001473
0.562822, 0.001560, 0.001502
0.573298, 0.001590, 0.001532
0.583783, 0.001621, 0.001562
0.594277, 0.001653, 0.001592
0.604780, 0.001684, 0.001622
0.615292, 0.001715, 0.001652
0.625812, 0.001747, 0.001682
0.636342, 0.001778, 0.001713
0.646881, 0.001810, 0.001743
0.657428, 0.001842, 0.001774
0.667985, 0.001874, 0.001805
0.678550, 0.001907, 0.001836
0.689125, 0.001939, 0.001867
0.699708, 0.001972, 0.001898
0.710301, 0.002005, 0.001930
0.720903, 0.002038, 0.001961
0.731513, 0.002071, 0.001993
0.742133, 0.002104, 0.002025
0.752762, 0.002138, 0.002057
0.763400, 0.002172, 0.002089
0.774047, 0.002205, 0.002122
0.784703, 0.002240, 0.002155
0.795368, 0.002274, 0.002187
0.806042, 0.002308, 0.002220
0.816726, 0.002343, 0.002254
0.827418, 0.002378, 0.002287
0.838120, 0.002413, 0.002321
0.848831, 0.002449, 0.002355
0.859551, 0.002484, 0.002389
0.870280, 0.002520, 0.002423
0.881019, 0.002556, 0.002457
0.891767, 0.002593, 0.002492
0.902524, 0.002629, 0.002527
0.913290, 0.002666, 0.002562
0.924066, 0.002703, 0.002598
0.934850, 0.002740, 0.002633
0.945645, 0.002778, 0.002669
0.956448, 0.002816, 0.002705
0.967261, 0.002854, 0.002742
0.978083, 0.002893, 0.002778
0.988914, 0.002931, 0.002815
0.999755, 0.002970, 0.002852
1.010605, 0.003010, 0.002890
1.021464, 0.003049, 0.002928
1.032333, 0.003089, 0.002966
1.043211, 0.003130, 0.003004
1.054099, 0.003170, 0.003043
1.064996, 0.003211, 0.003082
1.075902, 0.003253, 0.003121
1.086818, 0.003294, 0.003161
1.097744, 0.003337, 0.003201
1.108678, 0.003379, 0.003241
1.119623, 0.003422, 0.003282
1.130576, 0.003465, 0.003323
1.141540, 0.003509, 0.003364
1.152512, 0.003553, 0.003406
1.163495, 0.003597, 0.003448
1.174487, 0.003642, 0.003491
1.185488, 0.003687, 0.003534
1.196499, 0.003733, 0.003577
1.207520, 0.003779, 0.003621
1.218550, 0.003826, 0.003665
1.229590, 0.003873, 0.003710
1.240639, 0.003921, 0.003755
1.251698, 0.003969, 0.003800
1.262767, 0.004018, 0.003846
1.273845, 0.004067, 0.003893
1.284933, 0.004117, 0.003940
1.296031, 0.004167, 0.003987
1.307138, 0.004218, 0.004035
1.318255, 0.004270, 0.004084
1.329382, 0.004322, 0.004133
1.340518, 0.004374, 0.004183
1.351664, 0.004428, 0.004233
1.362820, 0.004482, 0.004284
1.373986, 0.004537, 0.004336
1.385162, 0.004592, 0.004388
1.396347, 0.004648, 0.004441
1.407542, 0.004705, 0.004494
1.418747, 0.004763, 0.004548
1.429962, 0.004821, 0.004603
1.441186, 0.004880, 0.004659
1.452421, 0.004940, 0.004715
1.463665, 0.005001, 0.004772
1.474920, 0.005063, 0.004830
1.486184, 0.005125, 0.004889
1.497458, 0.005189, 0.004948
1.508742, 0.005253, 0.005009
1.520036, 0.005319, 0.005070
1.531339, 0.005385, 0.005132
1.542653, 0.005453, 0.005195
1.553977, 0.005521, 0.005260
1.565311, 0.005591, 0.005325
1.576655, 0.005662, 0.005391
1.588008, 0.005734, 0.005458
1.599372, 0.005808, 0.005527
1.610746, 0.005882, 0.005596
1.622130, 0.005958, 0.005667
1.633524, 0.006035, 0.005739
1.644928, 0.006114, 0.005813
1.656342, 0.006194, 0.005887
1.667767, 0.006276, 0.005963
1.679201, 0.006360, 0.006041
1.690646, 0.006445, 0.006120
1.702100, 0.006531, 0.006200
1.713565, 0.006620, 0.006283
1.725040, 0.006710, 0.006366
1.736525, 0.006802, 0.006452
1.748021, 0.006897, 0.006539
1.759526, 0.006993, 0.006629
1.771042, 0.007092, 0.006720
1.782568, 0.007193, 0.006813
1.794105, 0.007296, 0.006909
1.805651, 0.007402, 0.007007
1.817208, 0.007510, 0.007107
1.828776, 0.007622, 0.007209
1.840353, 0.007736, 0.007314
1.851941, 0.007853, 0.007422
1.863539, 0.007973, 0.007533
1.875148, 0.008097, 0.007647
1.886767, 0.008224, 0.007764
1.898396, 0.008354, 0.007884
1.910036, 0.008489, 0.008007
1.921686, 0.008628, 0.008135
1.933346, 0.008771, 0.008266
1.945017, 0.008918, 0.008401
1.956699, 0.009071, 0.008540
1.968391, 0.009228, 0.008684
1.980093, 0.009391, 0.008833
1.991806, 0.009559, 0.008987
2.003529, 0.009734, 0.009146
2.015263, 0.009915, 0.009311
2.027008, 0.010102, 0.009482
2.038763, 0.010297, 0.009660
2.050528, 0.010499, 0.009844
2.062305, 0.010709, 0.010035
2.074091, 0.010928, 0.010234
2.085889, 0.011155, 0.010440
2.097697, 0.011392, 0.010656
2.109515, 0.011639, 0.010880
2.121344, 0.011896, 0.011113
2.133184, 0.012163, 0.011356
2.145035, 0.012443, 0.011609
2.156896, 0.012734, 0.011873
2.168768, 0.013037, 0.012149
2.180651, 0.013353, 0.012435
2.192545, 0.013682, 0.012734
2.204449, 0.014025, 0.013045
2.216364, 0.014381, 0.013369
2.228289, 0.014752, 0.013706
2.240226, 0.015137, 0.014056
2.252173, 0.015537, 0.014420
2.264132, 0.015950, 0.014797
2.276101, 0.016379, 0.015188
2.288081, 0.016822, 0.015592
2.300071, 0.017279, 0.016010
2.312073, 0.017749, 0.016441
2.324086, 0.018234, 0.016885
2.336109, 0.018732, 0.017342
2.348143, 0.019242, 0.017812
2.360189, 0.019766, 0.018295
2.372245, 0.020301, 0.018789
2.384312, 0.020849, 0.019296
2.396391, 0.021409, 0.019816
2.408480, 0.021980, 0.020347
2.420580, 0.022563, 0.020890
2.432691, 0.023157, 0.021445
2.444814, 0.023764, 0.022013
2.456947, 0.024383, 0.022594
2.469092, 0.025015, 0.023187
2.481247, 0.025661, 0.023793
2.493414, 0.026322, 0.024412
2.505592, 0.026997, 0.025045
2.517781, 0.027689, 0.025691
2.529981, 0.028399, 0.026351
2.542192, 0.029126, 0.027024
2.554415, 0.029873, 0.027711
2.566649, 0.030639, 0.028412
2.578894, 0.031425, 0.029127
2.591150, 0.032230, 0.029855
2.603417, 0.033055, 0.030596
2.615696, 0.033899, 0.031349
2.627986, 0.034758, 0.032114
2.640287, 0.035633, 0.032889
2.652600, 0.036521, 0.033672
2.664923, 0.037418, 0.034463
2.677259, 0.038323, 0.035258
2.689605, 0.039234, 0.036057
2.701963, 0.040148, 0.036857
2.714332, 0.041063, 0.037657
2.726713, 0.041977, 0.038455
2.739105, 0.042889, 0.039250
2.751509, 0.043798, 0.040040
2.763924, 0.044704, 0.040827
2.776351, 0.045608, 0.041608
2.788789, 0.046508, 0.042386
2.801238, 0.047407, 0.043160
2.813699, 0.048305, 0.043932
2.826172, 0.049203, 0.044701
2.838656, 0.050101, 0.045470
2.851151, 0.050999, 0.046238
2.863659, 0.051898, 0.047005
2.876177, 0.052796, 0.047772
2.888708, 0.053694, 0.048539
2.901250, 0.054589, 0.049306
2.913804, 0.055483, 0.050073
2.926369, 0.056374, 0.050840
2.938946, 0.057262, 0.051607
2.951535, 0.058150, 0.052375
2.964135, 0.059036, 0.053146
2.976747, 0.059922, 0.053920
2.989371, 0.060811, 0.054699
3.002007, 0.061702, 0.055483
3.014654, 0.062597, 0.056274
3.027314, 0.063498, 0.057071
3.039985, 0.064405, 0.057877
3.052668, 0.065320, 0.058691
3.065362, 0.066242, 0.059513
3.078069, 0.067172, 0.060344
3.090787, 0.068110, 0.061183
3.103518, 0.069056, 0.062031
3.116260, 0.070009, 0.062886
3.129014, 0.070970, 0.063750
3.141780, 0.071938, 0.064620
3.154558, 0.072912, 0.065499
3.167348, 0.073890, 0.066385
3.180150, 0.074872, 0.067278
3.192965, 0.075856, 0.068177
3.205791, 0.076839, 0.069083
3.218629, 0.077817, 0.069992
3.231479, 0.078787, 0.070904
3.244341, 0.079744, 0.071814
3.257215, 0.080682, 0.072719
3.270102, 0.081595, 0.073615
3.283001, 0.082481, 0.074498
3.295911, 0.083334, 0.075363
3.308834, 0.084154, 0.076209
3.321769, 0.084940, 0.077033
3.334716, 0.085695, 0.077836
3.347676, 0.086421, 0.078617
3.360648, 0.087122, 0.079379
3.373632, 0.087805, 0.080122
3.386628, 0.088472, 0.080848
3.399636, 0.089129, 0.081559
3.412657, 0.089778, 0.082256
3.425690, 0.090421, 0.082937
3.438736, 0.091059, 0.083602
3.451793, 0.091693, 0.084250
3.464864, 0.092322, 0.084880
3.477946, 0.092944, 0.085490
3.491041, 0.093559, 0.086079
3.504149, 0.094163, 0.086645
3.517268, 0.094754, 0.087189
3.530401, 0.095330, 0.087709
3.543545, 0.095886, 0.088203
3.556703, 0.096417, 0.088669
3.569872, 0.096920, 0.089105
3.583055, 0.097390, 0.089507
3.596250, 0.097825, 0.089875
3.609457, 0.098223, 0.090207
3.622677, 0.098586, 0.090505
3.635910, 0.098918, 0.090771
3.649155, 0.099224, 0.091012
3.662413, 0.099513, 0.091232
3.675683, 0.099794, 0.091442
3.688966, 0.100079, 0.091650
3.702262, 0.100377, 0.091864
3.715571, 0.100697, 0.092094
3.728892, 0.101047, 0.092345
3.742226, 0.101431, 0.092622
3.755573, 0.101850, 0.092927
3.768933, 0.102306, 0.093261
3.782305, 0.102794, 0.093622
3.795690, 0.103309, 0.094008
3.809088, 0.103848, 0.094413
3.822499, 0.104402, 0.094834
3.835923, 0.104966, 0.095266
3.849360, 0.105535, 0.095705
3.862809, 0.106104, 0.096148
3.876272, 0.106669, 0.096593
3.889747, 0.107229, 0.097039
3.903236, 0.107779, 0.097482
3.916737, 0.108320, 0.097924
3.930252, 0.108850, 0.098362
3.943779, 0.109367, 0.098797
3.957320, 0.109872, 0.099227
3.970873, 0.110366, 0.099654
3.984440, 0.110849, 0.100077
3.998020, 0.111323, 0.100499
4.011613, 0.111793, 0.100923
4.025219, 0.112263, 0.101352
4.038838, 0.112735, 0.101790
4.052470, 0.113215, 0.102237
4.066116, 0.113702, 0.102697
4.079774, 0.114197, 0.103168
4.093446, 0.114698, 0.103648
4.107132, 0.115199, 0.104131
4.120830, 0.115695, 0.104612
4.134542, 0.116175, 0.105080
4.148267, 0.116633, 0.105528
4.162005, 0.117059, 0.105947
4.175757, 0.117446, 0.106329
4.189522, 0.117789, 0.106668
4.203301, 0.118085, 0.106961
4.217093, 0.118335, 0.107206
4.230898, 0.118540, 0.107404
4.244717, 0.118707, 0.107560
4.258550, 0.118844, 0.107680
4.272395, 0.118958, 0.107770
4.286255, 0.119061, 0.107839
4.300127, 0.119164, 0.107896
4.314014, 0.119276, 0.107951
4.327914, 0.119410, 0.108015
4.341827, 0.119577, 0.108097
4.355754, 0.119790, 0.108210
4.369695, 0.120061, 0.108365
4.383650, 0.120403, 0.108575
4.397618, 0.120828, 0.108849
4.411599, 0.121347, 0.109197
4.425595, 0.121969, 0.109628
4.439604, 0.122702, 0.110147
4.453627, 0.123550, 0.110757
4.467664, 0.124514, 0.111460
4.481714, 0.125596, 0.112257
4.495779, 0.126789, 0.113143
4.509857, 0.128089, 0.114117
4.523949, 0.129486, 0.115170
4.538054, 0.130967, 0.116296
4.552174, 0.132520, 0.117484
4.566308, 0.134129, 0.118725
4.580455, 0.135779, 0.120006
4.594617, 0.137456, 0.121317
4.608792, 0.139147, 0.122649
4.622982, 0.140843, 0.123992
4.637185, 0.142535, 0.125340
4.651403, 0.144216, 0.126690
4.665635, 0.145883, 0.128038
4.679880, 0.147531, 0.129386
4.694140, 0.149159, 0.130732
4.708414, 0.150761, 0.132078
4.722702, 0.152336, 0.133427
4.737004, 0.153879, 0.134778
4.751320, 0.155383, 0.136133
4.765651, 0.156841, 0.137490
4.779996, 0.158247, 0.138848
4.794355, 0.159591, 0.140204
4.808728, 0.160865, 0.141552
4.823116, 0.162061, 0.142887
4.837517, 0.163170, 0.144201
4.851934, 0.164187, 0.145487
4.866364, 0.165107, 0.146734
4.880809, 0.165926, 0.147935
4.895268, 0.166643, 0.149080
4.909742, 0.167258, 0.150163
4.924230, 0.167774, 0.151177
4.938733, 0.168195, 0.152122
4.953250, 0.168525, 0.152998
4.967782, 0.168774, 0.153808
4.982328, 0.168950, 0.154559
4.996889, 0.169062, 0.155260
5.011464, 0.169122, 0.155921
5.026054, 0.169140, 0.156550
5.040658, 0.169130, 0.157160
5.055277, 0.169103, 0.157761
5.069911, 0.169074, 0.158361
5.084559, 0.169054, 0.158970
5.099222, 0.169058, 0.159598
5.113900, 0.169097, 0.160251
5.128593, 0.169181, 0.160938
5.143300, 0.169318, 0.161663
5.158022, 0.169513, 0.162432
5.172759, 0.169768, 0.163247
5.187511, 0.170084, 0.164111
5.202277, 0.170459, 0.165024
5.217059, 0.170892, 0.165987
5.231855, 0.171380, 0.166998
5.246667, 0.171923, 0.168058
5.261493, 0.172519, 0.169166
5.276334, 0.173169, 0.170324
5.291190, 0.173871, 0.171529
5.306062, 0.174624, 0.172783
5.320948, 0.175425, 0.174082
5.335849, 0.176269, 0.175424
5.350766, 0.177151, 0.176807
5.365697, 0.178062, 0.178225
5.380644, 0.178993, 0.179673
5.395605, 0.179933, 0.181146
5.410582, 0.180868, 0.182634
5.425575, 0.181785, 0.184130
5.440582, 0.182666, 0.185622
5.455604, 0.183496, 0.187098
5.470642, 0.184258, 0.188543
5.485696, 0.184935, 0.189943
5.500764, 0.185515, 0.191283
5.515848, 0.185984, 0.192546
5.530947, 0.186335, 0.193716
5.546062, 0.186561, 0.194777
5.561191, 0.186656, 0.195712
5.576337, 0.186622, 0.196507
5.591498, 0.186462, 0.197152
5.606674, 0.186185, 0.197641
5.621866, 0.185803, 0.197977
5.637073, 0.185334, 0.198167
5.652296, 0.184799, 0.198226
5.667534, 0.184219, 0.198175
5.682789, 0.183616, 0.198035
5.698058, 0.183006, 0.197829
5.713343, 0.182403, 0.197575
5.728644, 0.181812, 0.197286
5.743961, 0.181233, 0.196969
5.759294, 0.180659, 0.196625
5.774642, 0.180079, 0.196250
5.790006, 0.179479, 0.195834
5.805385, 0.178846, 0.195368
5.820781, 0.178169, 0.194840
5.836192, 0.177444, 0.194245
5.851619, 0.176673, 0.193582
5.867062, 0.175864, 0.192854
5.882521, 0.175033, 0.192072
5.897996, 0.174204, 0.191255
5.913487, 0.173399, 0.190422
5.928994, 0.172646, 0.189599
5.944517, 0.171968, 0.188809
5.960056, 0.171388, 0.188076
5.975611, 0.170924, 0.187420
5.991182, 0.170588, 0.186857
6.006769, 0.170390, 0.186399
6.022372, 0.170332, 0.186051
6.037992, 0.170412, 0.185814
6.053627, 0.170625, 0.185684
6.069279, 0.170964, 0.185656
6.084947, 0.171419, 0.185724
6.100632, 0.171980, 0.185881
6.116332, 0.172635, 0.186120
6.132049, 0.173375, 0.186438
6.147782, 0.174188, 0.186831
6.163532, 0.175063, 0.187294
6.179298, 0.175991, 0.187822
6.195081, 0.176960, 0.188410
6.210879, 0.177959, 0.189049
6.226695, 0.178977, 0.189728
6.242527, 0.180001, 0.190433
6.258375, 0.181023, 0.191151
6.274240, 0.182034, 0.191869
6.290121, 0.183033, 0.192580
6.306019, 0.184026, 0.193283
6.321934, 0.185023, 0.193985
6.337865, 0.186040, 0.194697
6.353813, 0.187091, 0.195435
6.369778, 0.188193, 0.196215
6.385759, 0.189353, 0.197048
6.401758, 0.190576, 0.197942
6.417773, 0.191858, 0.198896
6.433804, 0.193190, 0.199906
6.449853, 0.194559, 0.200962
6.465918, 0.195949, 0.202052
6.482001, 0.197345, 0.203161
6.498100, 0.198734, 0.204278
6.514216, 0.200107, 0.205393
6.530349, 0.201461, 0.206503
6.546499, 0.202799, 0.207606
6.562666, 0.204126, 0.208707
6.578850, 0.205452, 0.209810
6.595052, 0.206788, 0.210921
6.611270, 0.208145, 0.212049
6.627505, 0.209535, 0.213198
6.643758, 0.210970, 0.214377
6.660028, 0.212465, 0.215596
6.676315, 0.214038, 0.216868
6.692619, 0.215708, 0.218210
6.708940, 0.217500, 0.219644
6.725279, 0.219438, 0.221194
6.741635, 0.221543, 0.222883
6.758009, 0.223835, 0.224734
6.774399, 0.226326, 0.226763
6.790808, 0.229024, 0.228982
6.807233, 0.231928, 0.231395
6.823676, 0.235036, 0.234006
6.840137, 0.238345, 0.236813
6.856615, 0.241853, 0.239818
6.873111, 0.245564, 0.243023
6.889624, 0.249486, 0.246438
6.906154, 0.253636, 0.250077
6.922703, 0.258033, 0.253962
6.939269, 0.262698, 0.258114
6.955853, 0.267651, 0.262553
6.972454, 0.272902, 0.267292
6.989073, 0.278447, 0.272331
7.005710, 0.284269, 0.277654
7.022365, 0.290330, 0.283226
7.039037, 0.296574, 0.288991
7.055728, 0.302930, 0.294879
7.072436, 0.309318, 0.300808
7.089162, 0.315658, 0.306696
7.105906, 0.321881, 0.312469
7.122668, 0.327934, 0.318066
7.139448, 0.333792, 0.323453
7.156246, 0.339449, 0.328613
7.173062, 0.344924, 0.333551
7.189897, 0.350248, 0.338286
7.206749, 0.355462, 0.342846
7.223619, 0.360618, 0.347269
7.240508, 0.365777, 0.351602
7.257415, 0.371015, 0.355906
7.274340, 0.376424, 0.360261
7.291283, 0.382118, 0.364768
7.308245, 0.388226, 0.369550
7.325225, 0.394892, 0.374747
7.342223, 0.402261, 0.380509
7.359239, 0.410476, 0.386989
7.376274, 0.419662, 0.394329
7.393328, 0.429924, 0.402655
7.410400, 0.441333, 0.412066
7.427490, 0.453916, 0.422627
7.444599, 0.467654, 0.434359
7.461727, 0.482462, 0.447231
7.478873, 0.498188, 0.461155
7.496037, 0.514607, 0.475974
7.513221, 0.531414, 0.491463
7.530423, 0.548245, 0.507331
7.547643, 0.564692, 0.523234
7.564883, 0.580349, 0.538800
7.582141, 0.594860, 0.553677
7.599418, 0.607969, 0.567571
7.616714, 0.619559, 0.580289
7.634029, 0.629656, 0.591765
7.651362, 0.638418, 0.602052
7.668715, 0.646087, 0.611300
7.686086, 0.652941, 0.619713
7.703477, 0.659253, 0.627514
7.720886, 0.665257, 0.634909
7.738314, 0.671143, 0.642073
7.755762, 0.677057, 0.649144
7.773229, 0.683119, 0.656240
7.790715, 0.689447, 0.663470
7.808220, 0.696170, 0.670954
7.825744, 0.703434, 0.678837
7.843287, 0.711400, 0.687287
7.860850, 0.720222, 0.696486
7.878432, 0.730020, 0.706609
7.896033, 0.740860, 0.717811
7.913654, 0.752730, 0.730200
7.931294, 0.765538, 0.743834
7.948953, 0.779107, 0.758708
7.966632, 0.793195, 0.774766
7.984331, 0.807503, 0.791898
8.002049, 0.821691, 0.809949
8.019786, 0.835382, 0.828712
8.037543, 0.848158, 0.847918
8.055320, 0.859562, 0.867216
8.073117, 0.869099, 0.886159
8.090933, 0.876261, 0.904197
8.108768, 0.880568, 0.920696
8.126624, 0.881621, 0.934983
8.144499, 0.879163, 0.946405
8.162394, 0.873119, 0.954407
8.180309, 0.863619, 0.958600
8.198244, 0.850997, 0.958818
8.216199, 0.835755, 0.955142
8.234174, 0.818515, 0.947893
8.252168, 0.799948, 0.937590
8.270183, 0.780706, 0.924884
8.288218, 0.761358, 0.910467
8.306273, 0.742348, 0.895000
8.324348, 0.723976, 0.879042
8.342443, 0.706404, 0.863012
8.360558, 0.689680, 0.847184
8.378694, 0.673772, 0.831708
8.396849, 0.658614, 0.816638
8.415025, 0.644131, 0.801985
8.433222, 0.630266, 0.787743
8.451438, 0.616985, 0.773921
8.469676, 0.604274, 0.760547
8.487933, 0.592125, 0.747663
8.506211, 0.580518, 0.735306
8.524509, 0.569406, 0.723487
8.542828, 0.558704, 0.712169
8.561168, 0.548293, 0.701260
8.579528, 0.538030, 0.690616
8.597909, 0.527768, 0.680061
8.616310, 0.517369, 0.669400
8.634732, 0.506717, 0.658448
8.653175, 0.495729, 0.647036
8.671639, 0.484353, 0.635029
8.690123, 0.472570, 0.622329
8.708629, 0.460387, 0.608882
8.727155, 0.447837, 0.594678
8.745702, 0.434967, 0.579741
8.764270, 0.421832, 0.564120
8.782859, 0.408498, 0.547892
8.801469, 0.395040, 0.531152
8.820100, 0.381542, 0.514022
8.838752, 0.368095, 0.496638
8.857425, 0.354791, 0.479146
8.876119, 0.341716, 0.461691
8.894835, 0.328945, 0.444403
8.913572, 0.316544, 0.427405
8.932330, 0.304570, 0.410807
8.951109, 0.293078, 0.394719
8.969910, 0.282116, 0.379241
8.988732, 0.271725, 0.364466
9.007575, 0.261932, 0.350467
9.026440, 0.252750, 0.337293
9.045327, 0.244175, 0.324963
9.064235, 0.236185, 0.313468
9.083164, 0.228747, 0.302776
9.102115, 0.221816, 0.292831
9.121088, 0.215336, 0.283562
9.140082, 0.209249, 0.274888
9.159098, 0.203497, 0.266723
9.178136, 0.198024, 0.258989
9.197196, 0.192787, 0.251618
9.216277, 0.187755, 0.244562
9.235380, 0.182917, 0.237798
9.254506, 0.178269, 0.231318
9.273653, 0.173818, 0.225130
9.292822, 0.169569, 0.219237
9.312013, 0.165517, 0.213638
9.331226, 0.161647, 0.208311
9.350461, 0.157932, 0.203222
9.369719, 0.154338, 0.198321
9.388998, 0.150829, 0.193557
9.408300, 0.147376, 0.188885
9.427624, 0.143961, 0.184275
9.446970, 0.140581, 0.179717
9.466338, 0.137246, 0.175222
9.485729, 0.133975, 0.170818
9.505142, 0.130791, 0.166536
9.524578, 0.127713, 0.162406
9.544036, 0.124753, 0.158450
9.563517, 0.121914, 0.154671
9.583020, 0.119187, 0.151058
9.602546, 0.116553, 0.147586
9.622094, 0.113991, 0.144217
9.641665, 0.111474, 0.140913
9.661259, 0.108982, 0.137637
9.680875, 0.106503, 0.134361
9.700515, 0.104034, 0.131075
9.720177, 0.101581, 0.127783
9.739862, 0.099160, 0.124500
9.759570, 0.096787, 0.121253
9.779300, 0.094481, 0.118070
9.799054, 0.092255, 0.114975
9.818831, 0.090122, 0.111990
9.838631, 0.088087, 0.109128
9.858454, 0.086152, 0.106396
9.878300, 0.084315, 0.103794
9.898169, 0.082572, 0.101318
9.918061, 0.080916, 0.098963
9.937977, 0.079340, 0.096717
9.957916, 0.077834, 0.094570
9.977879, 0.076389, 0.092510
9.997865, 0.074995, 0.090525
10.017874, 0.073645, 0.088605
10.037906, 0.072334, 0.086744
10.057963, 0.071060, 0.084940
10.078042, 0.069825, 0.083197
10.098146, 0.068631, 0.081520
10.118273, 0.067483, 0.079917
10.138423, 0.066384, 0.078393
10.158598, 0.065336, 0.076953
10.178796, 0.064336, 0.075595
10.199018, 0.063381, 0.074313
10.219264, 0.062463, 0.073098
10.239533, 0.061576, 0.071942
10.259827, 0.060716, 0.070834
10.280144, 0.059879, 0.069769
10.300486, 0.059066, 0.068744
10.320852, 0.058277, 0.067758
10.341241, 0.057515, 0.066809
10.361655, 0.056779, 0.065896
10.382093, 0.056072, 0.065017
10.402555, 0.055392, 0.064170
10.423042, 0.054739, 0.063352
10.443553, 0.054112, 0.062561
10.464088, 0.053509, 0.061794
10.484648, 0.052925, 0.061045
10.505232, 0.052356, 0.060311
10.525840, 0.051797, 0.059585
10.546473, 0.051240, 0.058861
10.567131, 0.050684, 0.058133
10.587813, 0.050124, 0.057397
10.608520, 0.049561, 0.056651
10.629252, 0.048999, 0.055896
10.650008, 0.048443, 0.055139
10.670789, 0.047898, 0.054386
10.691595, 0.047370, 0.053644
10.712426, 0.046863, 0.052920
10.733282, 0.046380, 0.052217
10.754163, 0.045922, 0.051540
10.775069, 0.045492, 0.050891
10.796000, 0.045092, 0.050274
10.816956, 0.044723, 0.049690
10.837937, 0.044391, 0.049145
10.858943, 0.044099, 0.048641
10.879975, 0.043851, 0.048182
10.901032, 0.043652, 0.047771
10.922114, 0.043505, 0.047411
10.943222, 0.043414, 0.047102
10.964355, 0.043378, 0.046844
10.985513, 0.043394, 0.046631
11.006697, 0.043458, 0.046458
11.027907, 0.043568, 0.046319
11.049142, 0.043724, 0.046215
11.070403, 0.043931, 0.046147
11.091689, 0.044197, 0.046123
11.113002, 0.044529, 0.046154
11.134340, 0.044938, 0.046250
11.155704, 0.045429, 0.046417
11.177094, 0.046005, 0.046662
11.198510, 0.046664, 0.046982
11.219951, 0.047398, 0.047374
11.241419, 0.048192, 0.047826
11.262913, 0.049028, 0.048324
11.284433, 0.049885, 0.048849
11.305979, 0.050739, 0.049382
11.327552, 0.051572, 0.049907
11.349150, 0.052373, 0.050413
11.370775, 0.053139, 0.050895
11.392427, 0.053873, 0.051355
11.414105, 0.054582, 0.051798
11.435809, 0.055269, 0.052229
11.457540, 0.055937, 0.052652
11.479297, 0.056578, 0.053065
11.501081, 0.057184, 0.053465
11.522892, 0.057742, 0.053846
11.544729, 0.058244, 0.054200
11.566593, 0.058684, 0.054523
11.588484, 0.059061, 0.054812
11.610402, 0.059382, 0.055068
11.632346, 0.059661, 0.055300
11.654318, 0.059917, 0.055517
11.676317, 0.060167, 0.055736
11.698342, 0.060434, 0.055974
11.720395, 0.060736, 0.056245
11.742475, 0.061090, 0.056563
11.764582, 0.061508, 0.056936
11.786717, 0.061998, 0.057370
11.808878, 0.062562, 0.057863
11.831067, 0.063195, 0.058412
11.853284, 0.063887, 0.059009
11.875528, 0.064622, 0.059644
11.897799, 0.065380, 0.060309
11.920098, 0.066148, 0.060995
11.942425, 0.066919, 0.061703
11.964779, 0.067697, 0.062437
11.987161, 0.068497, 0.063210
12.009571, 0.069337, 0.064034
12.032008, 0.070230, 0.064919
12.054474, 0.071181, 0.065869
12.076967, 0.072182, 0.066877
12.099488, 0.073208, 0.067926
12.122038, 0.074227, 0.068989
12.144615, 0.075201, 0.070034
12.167221, 0.076094, 0.071028
12.189854, 0.076876, 0.071939
12.212516, 0.077526, 0.072741
12.235207, 0.078041, 0.073421
12.257925, 0.078430, 0.073978
12.280672, 0.078720, 0.074429
12.303448, 0.078949, 0.074807
12.326252, 0.079164, 0.075151
12.349084, 0.079411, 0.075507
12.371945, 0.079735, 0.075912
12.394835, 0.080169, 0.076400
12.417754, 0.080741, 0.076993
12.440701, 0.081471, 0.077705
12.463677, 0.082366, 0.078543
12.486682, 0.083427, 0.079506
12.509716, 0.084648, 0.080587
12.532779, 0.086022, 0.081775
12.555871, 0.087538, 0.083057
12.578992, 0.089181, 0.084414
12.602142, 0.090931, 0.085822
12.625321, 0.092750, 0.087252
12.648530, 0.094591, 0.088664
12.671768, 0.096398, 0.090020
12.695035, 0.098113, 0.091280
12.718332, 0.099681, 0.092411
12.741658, 0.101062, 0.093392
12.765014, 0.102231, 0.094208
12.788399, 0.103180, 0.094863
12.811814, 0.103931, 0.095378
12.835259, 0.104531, 0.095793
12.858734, 0.105051, 0.096166
12.882238, 0.105569, 0.096556
12.905772, 0.106158, 0.097020
12.929336, 0.106871, 0.097597
12.952931, 0.107739, 0.098308
12.976555, 0.108767, 0.099154
13.000209, 0.109937, 0.100120
13.023894, 0.111219, 0.101179
13.047608, 0.112573, 0.102301
13.071353, 0.113967, 0.103459
13.095129, 0.115384, 0.104634
13.118935, 0.116828, 0.105828
13.142771, 0.118329, 0.107063
13.166637, 0.119931, 0.108374
13.190535, 0.121680, 0.109802
13.214463, 0.123608, 0.111373
13.238421, 0.125713, 0.113090
13.262411, 0.127953, 0.114921
13.286431, 0.130246, 0.116802
13.310482, 0.132480, 0.118650
13.334564, 0.134532, 0.120373
13.358677, 0.136287, 0.121884
13.382821, 0.137659, 0.123119
13.406996, 0.138606, 0.124044
13.431202, 0.139135, 0.124661
13.455440, 0.139293, 0.125003
13.479709, 0.139148, 0.125116
13.504009, 0.138773, 0.125050
13.528340, 0.138241, 0.124856
13.552703, 0.137618, 0.124576
13.577098, 0.136965, 0.124253
13.601524, 0.136331, 0.123924
13.625982, 0.135752, 0.123620
13.650471, 0.135241, 0.123354
13.674993, 0.134792, 0.123128
13.699546, 0.134388, 0.122928
13.724131, 0.134020, 0.122747
13.748748, 0.133695, 0.122586
13.773397, 0.133433, 0.122460
13.798078, 0.133259, 0.122391
13.822792, 0.133185, 0.122390
13.847537, 0.133201, 0.122454
13.872315, 0.133274, 0.122558
13.897125, 0.133357, 0.122671
13.921968, 0.133411, 0.122763
13.946843, 0.133418, 0.122826
13.971750, 0.133393, 0.122881
13.996690, 0.133379, 0.122973
14.021663, 0.133439, 0.123156
14.046669, 0.133637, 0.123486
14.071707, 0.134031, 0.124005
14.096778, 0.134664, 0.124739
14.121882, 0.135555, 0.125700
14.147020, 0.136699, 0.126880
14.172190, 0.138066, 0.128255
14.197393, 0.139596, 0.129786
14.222629, 0.141211, 0.131413
14.247899, 0.142813, 0.133060
14.273202, 0.144299, 0.134637
14.298538, 0.145578, 0.136055
14.323908, 0.146601, 0.137248
14.349311, 0.147373, 0.138196
14.374748, 0.147959, 0.138932
14.400219, 0.148467, 0.139535
14.425723, 0.149011, 0.140105
14.451261, 0.149677, 0.140726
14.476833, 0.150489, 0.141441
14.502439, 0.151410, 0.142242
14.528079, 0.152353, 0.143078
14.553752, 0.153204, 0.143873
14.579460, 0.153854, 0.144547
14.605202, 0.154220, 0.145034
14.630979, 0.154266, 0.145291
14.656789, 0.154006, 0.145318
14.682634, 0.153502, 0.145151
14.708514, 0.152846, 0.144862
14.734428, 0.152133, 0.144529
14.760376, 0.151436, 0.144217
14.786360, 0.150800, 0.143959
14.812378, 0.150234, 0.143755
14.838431, 0.149731, 0.143582
14.864518, 0.149275, 0.143408
14.890641, 0.148841, 0.143195
14.916799, 0.148398, 0.142908
14.942991, 0.147907, 0.142514
14.969219, 0.147329, 0.141989
14.995482, 0.146629, 0.141319
15.021781, 0.145782, 0.140500
15.048114, 0.144781, 0.139540
15.074484, 0.143653, 0.138472
15.100888, 0.142457, 0.137351
15.127329, 0.141273, 0.136250
15.153804, 0.140179, 0.135243
15.180316, 0.139236, 0.134390
15.206864, 0.138475, 0.133731
15.233447, 0.137909, 0.133287
15.260066, 0.137541, 0.133067
15.286721, 0.137374, 0.133075
15.313413, 0.137412, 0.133311
15.340140, 0.137655, 0.133769
15.366904, 0.138091, 0.134428
15.393704, 0.138692, 0.135255
15.420541, 0.139419, 0.136201
15.447414, 0.140226, 0.137218
15.474323, 0.141071, 0.138261
15.501269, 0.141926, 0.139302
15.528252, 0.142771, 0.140323
15.555271, 0.143598, 0.141319
15.582328, 0.144411, 0.142291
15.609421, 0.145229, 0.143254
15.636551, 0.146080, 0.144231
15.663718, 0.146996, 0.145246
15.690923, 0.148002, 0.146320
15.718164, 0.149112, 0.147462
15.745443, 0.150327, 0.148672
15.772760, 0.151639, 0.149941
15.800113, 0.153029, 0.151254
15.827504, 0.154482, 0.152596
15.854933, 0.155996, 0.153968
15.882400, 0.157592, 0.155390
15.909904, 0.159311, 0.156899
15.937446, 0.161205, 0.158545
15.965026, 0.163327, 0.160378
15.992644, 0.165725, 0.162447
16.020300, 0.168427, 0.164788
16.047994, 0.171430, 0.167412
16.075727, 0.174693, 0.170297
16.103497, 0.178137, 0.173381
16.131306, 0.181662, 0.176576
16.159154, 0.185176, 0.179791
16.187040, 0.188604, 0.182946
16.214964, 0.191903, 0.185987
16.242928, 0.195064, 0.188893
16.270930, 0.198113, 0.191679
16.298971, 0.201107, 0.194392
16.327051, 0.204102, 0.197083
16.355170, 0.207125, 0.199777
16.383328, 0.210139, 0.202446
16.411525, 0.213050, 0.205008
16.439762, 0.215756, 0.207370
16.468038, 0.218194, 0.209477
16.496353, 0.220378, 0.211340
16.524708, 0.222399, 0.213041
16.553102, 0.224394, 0.214709
16.581536, 0.226504, 0.216482
16.610010, 0.228826, 0.218463
16.638524, 0.231381, 0.220694
16.667077, 0.234115, 0.223149
16.695671, 0.236934, 0.225756
16.724305, 0.239735, 0.228424
16.752978, 0.242442, 0.231074
16.781693, 0.245000, 0.233640
16.810447, 0.247368, 0.236067
16.839242, 0.249501, 0.238301
16.868078, 0.251369, 0.240293
16.896954, 0.252974, 0.242026
16.925870, 0.254368, 0.243528
16.954828, 0.255646, 0.244878
16.983826, 0.256934, 0.246192
17.012866, 0.258360, 0.247595
17.041946, 0.260023, 0.249197
17.071068, 0.261951, 0.251054
17.100231, 0.264068, 0.253136
17.129435, 0.266193, 0.255320
17.158680, 0.268080, 0.257415
17.187967, 0.269503, 0.259224
17.217295, 0.270339, 0.260614
17.246666, 0.270624, 0.261564
17.276078, 0.270522, 0.262171
17.305531, 0.270257, 0.262590
17.335027, 0.270011, 0.262966
17.364565, 0.269870, 0.263372
17.394144, 0.269812, 0.263796
17.423766, 0.269745, 0.264165
17.453430, 0.269569, 0.264397
17.483137, 0.269239, 0.264454
17.512886, 0.268812, 0.264380
17.542678, 0.268450, 0.264312
17.572512, 0.268366, 0.264449
17.602389, 0.268751, 0.264980
17.632309, 0.269712, 0.266033
17.662271, 0.271260, 0.267645
17.692277, 0.273328, 0.269774
17.722326, 0.275798, 0.272322
17.752418, 0.278532, 0.275159
17.782553, 0.281391, 0.278144
17.812732, 0.284258, 0.281152
17.842954, 0.287043, 0.284088
17.873220, 0.289687, 0.286889
17.903530, 0.292156, 0.289519
17.933883, 0.294421, 0.291945
17.964280, 0.296449, 0.294127
17.994721, 0.298215, 0.296028
18.025206, 0.299724, 0.297638
18.055735, 0.301020, 0.298986
18.086308, 0.302155, 0.300119
18.116926, 0.303169, 0.301073
18.147588, 0.304088, 0.301881
18.178295, 0.304954, 0.302598
18.209047, 0.305843, 0.303316
18.239843, 0.306856, 0.304154
18.270683, 0.308090, 0.305215
18.301569, 0.309617, 0.306565
18.332500, 0.311466, 0.308220
18.363476, 0.313618, 0.310150
18.394497, 0.316027, 0.312308
18.425564, 0.318641, 0.314657
18.456676, 0.321405, 0.317174
18.487833, 0.324248, 0.319820
18.519036, 0.327072, 0.322518
18.550285, 0.329759, 0.325159
18.581579, 0.332195, 0.327626
18.612920, 0.334287, 0.329819
18.644306, 0.335994, 0.331690
18.675739, 0.337349, 0.333266
18.707217, 0.338468, 0.334650
18.738743, 0.339511, 0.335984
18.770314, 0.340620, 0.337380
18.801932, 0.341870, 0.338891
18.833597, 0.343284, 0.340528
18.865308, 0.344894, 0.342317
18.897067, 0.346775, 0.344336
18.928872, 0.349024, 0.346699
18.960724, 0.351712, 0.349491
18.992623, 0.354839, 0.352721
19.024570, 0.358348, 0.356313
19.056564, 0.362164, 0.360150
19.088605, 0.366230, 0.364133
19.120694, 0.370513, 0.368209
19.152831, 0.374974, 0.372355
19.185015, 0.379527, 0.376529
19.217248, 0.384007, 0.380627
19.249528, 0.388188, 0.384483
19.281857, 0.391821, 0.387908
19.314233, 0.394686, 0.390728
19.346658, 0.396649, 0.392824
19.379132, 0.397723, 0.394196
19.411653, 0.398094, 0.394983
19.444224, 0.398053, 0.395423
19.476843, 0.397907, 0.395770
19.509511, 0.397933, 0.396250
19.542229, 0.398375, 0.397071
19.574995, 0.399452, 0.398433
19.607810, 0.401323, 0.400490
19.640675, 0.404056, 0.403310
19.673589, 0.407631, 0.406875
19.706553, 0.411946, 0.411102
19.739566, 0.416825, 0.415837
19.772629, 0.422017, 0.420842
19.805742, 0.427226, 0.425808
19.838905, 0.432164, 0.430424
19.872118, 0.436609, 0.434440
19.905381, 0.440444, 0.437723
19.938694, 0.443675, 0.440282
19.972058, 0.446390, 0.442238
20.005473, 0.448697, 0.443764
20.038938, 0.450677, 0.445017
20.072454, 0.452411, 0.446121
20.106020, 0.454024, 0.447176
20.139638, 0.455679, 0.448264
20.173307, 0.457525, 0.449435
20.207027, 0.459673, 0.450722
20.240799, 0.462193, 0.452165
20.274622, 0.465129, 0.453823
20.308496, 0.468527, 0.455785
20.342422, 0.472469, 0.458195
20.376400, 0.477094, 0.461242
20.410431, 0.482544, 0.465101
20.444513, 0.488843, 0.469820
20.478647, 0.495790, 0.475226
20.512833, 0.503016, 0.480994
20.547072, 0.510190, 0.486816
20.581364, 0.517129, 0.492494
20.615708, 0.523694, 0.497841
20.650105, 0.529644, 0.502559
20.684555, 0.534683, 0.506313
20.719058, 0.538659, 0.508928
20.753614, 0.541683, 0.510522
20.788224, 0.544103, 0.511486
20.822886, 0.546407, 0.512374
20.857603, 0.549085, 0.513745
20.892373, 0.552471, 0.515958
20.927196, 0.556627, 0.519039
20.962074, 0.561398, 0.522761
20.997006, 0.566654, 0.526906
21.031991, 0.572499, 0.531483
21.067031, 0.579237, 0.536711
21.102126, 0.587084, 0.542755
21.137275, 0.595826, 0.549443
21.172478, 0.604762, 0.556232
21.207737, 0.613065, 0.562515
21.243050, 0.620287, 0.568007
21.278419, 0.626547, 0.572861
21.313842, 0.632353, 0.577492
21.349321, 0.638292, 0.582352
21.384855, 0.644790, 0.587747
21.420445, 0.651977, 0.593742
21.456091, 0.659729, 0.600188
21.491792, 0.667819, 0.606863
21.527549, 0.675976, 0.613531
21.563363, 0.683832, 0.619872
21.599232, 0.690984, 0.625505
21.635158, 0.697223, 0.630214
21.671141, 0.702693, 0.634126
21.707180, 0.707705, 0.637595
21.743275, 0.712464, 0.640924
21.779428, 0.717061, 0.644290
21.815638, 0.721792, 0.647938
21.851904, 0.727438, 0.652379
21.888228, 0.735135, 0.658339
21.924610, 0.745870, 0.666444
21.961049, 0.759943, 0.676889
21.997546, 0.776776, 0.689321
22.034100, 0.795146, 0.702965
22.070713, 0.813719, 0.716918
22.107383, 0.831554, 0.730466
22.144112, 0.848269, 0.743230
22.180900, 0.863837, 0.755060
22.217745, 0.878353, 0.765885
22.254650, 0.891976, 0.775689
22.291613, 0.904872, 0.784535
22.328635, 0.917047, 0.792494
22.365717, 0.928231, 0.799554
22.402857, 0.937986, 0.805599
22.440057, 0.945955, 0.810492
22.477316, 0.952129, 0.814212
22.514635, 0.957024, 0.817017
22.552014, 0.961598, 0.819488
22.589453, 0.966865, 0.822319
22.626952, 0.973490, 0.826001
22.664511, 0.981696, 0.830688
22.702131, 0.991477, 0.836335
22.739810, 1.002872, 0.842927
22.777551, 1.016087, 0.850595
22.815353, 1.031369, 0.859549
22.853215, 1.048703, 0.869852
22.891139, 1.067540, 0.881197
22.929123, 1.086854, 0.892900
22.967170, 1.105607, 0.904225
23.005277, 1.123300, 0.914850
23.043447, 1.140144, 0.925050
23.081678, 1.156687, 0.935402
23.119971, 1.173284, 0.946285
23.158327, 1.189858, 0.957613
23.196745, 1.206052, 0.968957
23.235225, 1.221627, 0.979917
23.273768, 1.236706, 0.990369
23.312373, 1.251581, 1.000375
23.351042, 1.266331, 1.009927
23.389773, 1.280724, 1.018876
23.428568, 1.294407, 1.027076
23.467426, 1.307057, 1.034511
23.506348, 1.318406, 1.041263
23.545333, 1.328304, 1.047435
23.584383, 1.336936, 1.053170
23.623496, 1.345039, 1.058794
23.662673, 1.353767, 1.064814
23.701915, 1.364174, 1.071671
23.741221, 1.376720, 1.079499
23.780592, 1.391028, 1.088022
23.820028, 1.405974, 1.096616
23.859528, 1.420241, 1.104618
23.899094, 1.433030, 1.111711
23.938725, 1.444509, 1.118140
23.978421, 1.455754, 1.124728
24.018183, 1.468120, 1.132593
24.058011, 1.482485, 1.142666
24.097905, 1.498947, 1.155338
24.137865, 1.516827, 1.170271
24.177891, 1.534583, 1.186257
24.217983, 1.549972, 1.201356
24.258142, 1.560727, 1.213497
24.298368, 1.565223, 1.221056
24.338661, 1.562795, 1.223060
24.379021, 1.553961, 1.219308
24.419448, 1.540549, 1.210627
24.459943, 1.525463, 1.199005
24.500505, 1.512135, 1.187328
24.541134, 1.503835, 1.178656
24.581832, 1.503013, 1.175333
24.622598, 1.510958, 1.178473
24.663432, 1.527664, 1.187999
24.704335, 1.551672, 1.202902
24.745306, 1.580168, 1.221505
24.786346, 1.609670, 1.241781
24.827455, 1.637204, 1.261843
24.868633, 1.661434, 1.280573
24.909881, 1.682752, 1.297917
24.951198, 1.702094, 1.314383
24.992584, 1.719767, 1.330276
25.034041, 1.735348, 1.345406
25.075567, 1.747953, 1.359129
25.117164, 1.756403, 1.370519
25.158831, 1.759837, 1.378866
25.200568, 1.758551, 1.384226
25.242377, 1.754080, 1.387463
25.284256, 1.748220, 1.389617
25.326206, 1.741970, 1.391130
25.368228, 1.735519, 1.391780
25.410321, 1.729176, 1.391415
25.452485, 1.724123, 1.390683
25.494722, 1.722197, 1.391048
25.537030, 1.724922, 1.394073
25.579411, 1.732883, 1.400749
25.621864, 1.745950, 1.411434
25.664390, 1.763562, 1.426042
25.706988, 1.784569, 1.444017
25.749659, 1.807143, 1.464235
25.792403, 1.829079, 1.485152
25.835221, 1.848062, 1.505058
25.878112, 1.861811, 1.522283
25.921077, 1.868647, 1.535563
25.964116, 1.868535, 1.544718
26.007229, 1.863480, 1.551045
26.050416, 1.856361, 1.556613
26.093677, 1.849276, 1.562884
26.137013, 1.843155, 1.570126
26.180424, 1.838403, 1.578000
26.223910, 1.835159, 1.586244
26.267471, 1.832974, 1.594652
26.311108, 1.830845, 1.602761
26.354820, 1.827845, 1.609943
26.398608, 1.823617, 1.615790
26.442472, 1.818345, 1.620349
26.486413, 1.812468, 1.624121
26.530429, 1.806255, 1.627639
26.574522, 1.799585, 1.630872
26.618692, 1.792351, 1.633294
26.662940, 1.785012, 1.634528
26.707264, 1.778863, 1.634951
26.751665, 1.775878, 1.635895
26.796145, 1.777876, 1.639233
26.840702, 1.785258, 1.646412
26.885337, 1.796287, 1.657377
26.930050, 1.807642, 1.670131
26.974842, 1.816086, 1.681619
27.019712, 1.820371, 1.689784
27.064662, 1.821882, 1.695035
27.109690, 1.823134, 1.699309
27.154798, 1.825730, 1.703905
27.199985, 1.829831, 1.708697
27.245251, 1.834780, 1.712926
27.290598, 1.839961, 1.716239
27.336025, 1.845431, 1.719313
27.381532, 1.851595, 1.723459
27.427119, 1.858068, 1.729220
27.472788, 1.863641, 1.735675
27.518537, 1.867689, 1.741564
27.564367, 1.871002, 1.746618
27.610279, 1.875322, 1.751691
27.656272, 1.882239, 1.757966
27.702348, 1.892262, 1.766191
27.748505, 1.904879, 1.776696
27.794744, 1.919238, 1.789596
27.841067, 1.934359, 1.804412
27.887471, 1.949086, 1.819727
27.933959, 1.962922, 1.834141
27.980530, 1.976981, 1.847855
28.027184, 1.993148, 1.862540
28.073922, 2.012045, 1.879263
28.120743, 2.032336, 1.897241
28.167649, 2.051862, 1.914659
28.214639, 2.068593, 1.929792
28.261713, 2.080421, 1.941030
28.308872, 2.085429, 1.946944
28.356116, 2.083717, 1.947539
28.403446, 2.078185, 1.944949
28.450860, 2.072491, 1.941931
28.498361, 2.068969, 1.940169
28.545947, 2.068539, 1.940306
28.593619, 2.071402, 1.942640
28.641378, 2.077256, 1.947201
28.689223, 2.085424, 1.953627
28.737155, 2.095620, 1.961692
28.785174, 2.108578, 1.971973
28.833280, 2.125128, 1.985394
28.881474, 2.144523, 2.001874
28.929756, 2.164323, 2.019892
28.978126, 2.181403, 2.037082
29.026584, 2.192389, 2.050442
29.075130, 2.194301, 2.056708
29.123765, 2.186354, 2.054184
29.172489, 2.171111, 2.044430
29.221303, 2.153418, 2.031559
29.270206, 2.137974, 2.019847
29.319198, 2.127128, 2.011585
29.368281, 2.120596, 2.006686
29.417453, 2.117171, 2.003892
29.466717, 2.116587, 2.002536
29.516071, 2.119565, 2.003261
29.565515, 2.125818, 2.006549
29.615051, 2.132807, 2.011119
29.664679, 2.137137, 2.014469
29.714398, 2.136846, 2.014628
29.764209, 2.132024, 2.011040
29.814113, 2.123676, 2.004235
29.864109, 2.112779, 1.995342
29.914197, 2.100758, 1.986112
29.964379, 2.090229, 1.978968
30.014654, 2.084021, 1.976193
30.065022, 2.083345, 1.978780
30.115484, 2.087070, 1.985858
30.166041, 2.091787, 1.994493
30.216691, 2.092326, 2.000013
30.267436, 2.084270, 1.998108
30.318276, 2.066812, 1.987511
30.369211, 2.042202, 1.969743
30.420242, 2.013855, 1.947222
30.471368, 1.985979, 1.923124
30.522589, 1.962812, 1.901472
30.573908, 1.946096, 1.885011
30.625322, 1.933707, 1.873109
30.676833, 1.921648, 1.862621
30.728442, 1.907246, 1.850662
30.780147, 1.890483, 1.836499
30.831950, 1.873078, 1.821188
30.883851, 1.857015, 1.806266
30.935850, 1.843863, 1.793213
30.987947, 1.834553, 1.783420
31.040143, 1.828588, 1.777426
31.092438, 1.823265, 1.773648
31.144832, 1.815014, 1.768868
31.197326, 1.801524, 1.760231
31.249919, 1.782366, 1.746213
31.302613, 1.759317, 1.727301
31.355406, 1.735436, 1.706034
31.408301, 1.712357, 1.684868
31.461296, 1.689092, 1.663972
31.514393, 1.664465, 1.642375
31.567591, 1.639299, 1.620506
31.620891, 1.615116, 1.599819
31.674292, 1.592520, 1.580902
31.727797, 1.571766, 1.563456
31.781404, 1.553869, 1.547650
31.835114, 1.539881, 1.534067
31.888927, 1.529512, 1.522628
31.942844, 1.521360, 1.512834
31.996864, 1.513777, 1.504397
32.050989, 1.504593, 1.496276
32.105219, 1.490844, 1.485602
32.159553, 1.470250, 1.469003
32.213992, 1.443853, 1.445891
32.268536, 1.416169, 1.419725
32.323186, 1.391584, 1.394861
32.377943, 1.372053, 1.373596
32.432805, 1.358008, 1.356796
32.487774, 1.349001, 1.344876
32.542850, 1.343417, 1.337388
32.598033, 1.338608, 1.332888
32.653324, 1.331681, 1.329686
32.708723, 1.320194, 1.326087
32.764230, 1.302824, 1.320069
32.819845, 1.280500, 1.309955
32.875569, 1.256573, 1.295927
32.931403, 1.234722, 1.280007
32.987345, 1.216855, 1.264321
33.043398, 1.203046, 1.250090
33.099560, 1.192237, 1.237804
33.155833, 1.182472, 1.227242
33.212217, 1.171337, 1.217123
33.268712, 1.157350, 1.205739
33.325318, 1.140839, 1.192294
33.382036, 1.123622, 1.177547
33.438866, 1.107817, 1.163317
33.495809, 1.093861, 1.150769
33.552864, 1.080020, 1.139115
33.610032, 1.064746, 1.126778
33.667314, 1.048332, 1.113142
33.724710, 1.032050, 1.098574
33.782219, 1.017038, 1.084011
33.839843, 1.004031, 1.070653
33.897582, 0.993595, 1.059485
33.955435, 0.986088, 1.051024
34.013405, 0.981513, 1.045486
34.071490, 0.979274, 1.042746
34.129691, 0.977913, 1.041884
34.188009, 0.975555, 1.041217
34.246443, 0.970694, 1.038947
34.304995, 0.962955, 1.034067
34.363664, 0.953901, 1.027611
34.422451, 0.945890, 1.021954
34.481357, 0.939739, 1.018211
34.540381, 0.934343, 1.015406
34.599524, 0.927912, 1.011747
34.658786, 0.919457, 1.006126
34.718168, 0.909268, 0.998246
34.777670, 0.898517, 0.988405
34.837293, 0.888708, 0.978020
34.897036, 0.880824, 0.969383
34.956901, 0.874295, 0.963895
35.016887, 0.866954, 0.960496
35.076995, 0.856822, 0.956638
35.137225, 0.843492, 0.950347
35.197578, 0.828097, 0.941253
35.258054, 0.812535, 0.930594
35.318653, 0.798339, 0.920106
35.379376, 0.786521, 0.911142
35.440223, 0.777640, 0.904637
35.501195, 0.771124, 0.900525
35.562291, 0.765241, 0.897278
35.623513, 0.758094, 0.892760
35.684861, 0.748176, 0.885087
35.746334, 0.734836, 0.873128
35.807935, 0.719405, 0.857923
35.869661, 0.704313, 0.842588
35.931516, 0.690100, 0.828643
35.993498, 0.675401, 0.814702
36.055607, 0.659442, 0.799258
36.117846, 0.642826, 0.782298
36.180213, 0.627008, 0.765201
36.242709, 0.613198, 0.749778
36.305335, 0.601470, 0.736600
36.368091, 0.591601, 0.725199
36.430978, 0.583494, 0.715140
36.493995, 0.576502, 0.706044
36.557144, 0.569556, 0.697561
36.620424, 0.561716, 0.689252
36.683836, 0.552411, 0.680399
36.747381, 0.541987, 0.670716
36.811059, 0.531537, 0.660551
36.874870, 0.521874, 0.650267
36.938815, 0.513039, 0.640116
37.002894, 0.504963, 0.630349
37.067107, 0.498130, 0.621591
37.131456, 0.492953, 0.614619
37.195940, 0.489023, 0.609463
37.260560, 0.485359, 0.605102
37.325316, 0.481035, 0.599886
37.390209, 0.476005, 0.593002
37.455239, 0.471297, 0.585825
37.520407, 0.467539, 0.580135
37.585712, 0.464382, 0.576209
37.651157, 0.461044, 0.573045
37.716740, 0.456471, 0.568752
37.782462, 0.450320, 0.561801
37.848324, 0.443937, 0.552967
37.914327, 0.438992, 0.544590
37.980470, 0.435597, 0.537909
38.046754, 0.432475, 0.532463
38.113180, 0.428401, 0.527231
38.179748, 0.423326, 0.521858
38.246459, 0.417799, 0.516805
38.313313, 0.411812, 0.512277
38.380309, 0.405132, 0.507670
38.447450, 0.398001, 0.502103
38.514735, 0.390441, 0.494591
38.582165, 0.382122, 0.484473
38.649741, 0.373642, 0.473017
38.717462, 0.366231, 0.462965
38.785329, 0.360115, 0.455646
38.853343, 0.354476, 0.450078
38.921504, 0.348593, 0.444541
38.989813, 0.342956, 0.438719
39.058270, 0.338790, 0.433858
39.126876, 0.336022, 0.430286
39.195630, 0.333226, 0.426478
39.264535, 0.329620, 0.421174
39.333589, 0.325696, 0.415014
39.402794, 0.321872, 0.408969
39.472150, 0.317914, 0.402884
39.541658, 0.313924, 0.396673
39.611317, 0.310446, 0.391044
39.681129, 0.307658, 0.386543
39.751095, 0.305515, 0.383190
39.821214, 0.304032, 0.380916
39.891486, 0.302878, 0.379377
39.961914, 0.301593, 0.378000
40.032496, 0.300345, 0.376845
40.103235, 0.299558, 0.376591
40.174129, 0.299191, 0.377471
40.245180, 0.298887, 0.378860
40.316388, 0.298432, 0.380129
40.387754, 0.298086, 0.381712
40.459278, 0.298004, 0.384380
40.530960, 0.297412, 0.387748
40.602802, 0.294978, 0.390296
40.674804, 0.290360, 0.390628
40.746966, 0.284797, 0.388913
40.819289, 0.279162, 0.386168
40.891773, 0.272929, 0.382245
40.964420, 0.265793, 0.376676
41.037228, 0.258487, 0.370272
41.110200, 0.251440, 0.363776
41.183335, 0.244496, 0.356711
41.256635, 0.237849, 0.348458
41.330099, 0.232060, 0.339658
41.403728, 0.227396, 0.331438
41.477524, 0.223748, 0.324227
41.551485, 0.220663, 0.317933
41.625614, 0.217716, 0.312050
41.699909, 0.214745, 0.305903
41.774373, 0.211597, 0.299270
41.849006, 0.208201, 0.292214
41.923808, 0.204672, 0.284965
41.998779, 0.201537, 0.278324
42.073921, 0.199568, 0.273370
42.149234, 0.198602, 0.269943
42.224718, 0.197464, 0.266647
42.300375, 0.195601, 0.262794
42.376204, 0.193477, 0.258775
42.452206, 0.191611, 0.254979
42.528383, 0.190297, 0.251676
42.604733, 0.189436, 0.248912
42.681259, 0.188137, 0.245920
42.757961, 0.185488, 0.241524
42.834838, 0.181798, 0.235670
42.911893, 0.178406, 0.229932
42.989125, 0.175922, 0.225275
43.066536, 0.174011, 0.221354
43.144125, 0.171941, 0.217160
43.221893, 0.169338, 0.212039
43.299841, 0.166700, 0.206587
43.377970, 0.164578, 0.201721
43.456281, 0.162814, 0.197534
43.534773, 0.161216, 0.193667
43.613447, 0.160082, 0.190036
43.692305, 0.159328, 0.186508
43.771346, 0.158448, 0.182894
43.850572, 0.157345, 0.179333
43.929983, 0.156135, 0.175903
44.009580, 0.154936, 0.172698
44.089363, 0.153926, 0.169933
44.169333, 0.153134, 0.167562
44.249490, 0.152288, 0.165275
44.329836, 0.150854, 0.162614
44.410371, 0.148863, 0.159749
44.491096, 0.147134, 0.157613
44.572011, 0.146084, 0.156509
44.653117, 0.145189, 0.155483
44.734415, 0.143935, 0.153739
44.815905, 0.142630, 0.151807
44.897588, 0.141854, 0.150659
44.979465, 0.141626, 0.150352
45.061537, 0.141518, 0.150303
45.143803, 0.141223, 0.150029
45.226265, 0.140582, 0.149067
45.308924, 0.139474, 0.147189
45.391780, 0.137808, 0.144513
45.474834, 0.135796, 0.141467
45.558087, 0.133878, 0.138517
45.641539, 0.132158, 0.135622
45.725191, 0.130896, 0.133013
45.809044, 0.130311, 0.131054
45.893098, 0.130267, 0.129677
45.977355, 0.130614, 0.128783
46.061814, 0.131402, 0.128472
46.146477, 0.132471, 0.128477
46.231345, 0.133386, 0.128230
46.316418, 0.133919, 0.127549
46.401697, 0.134644, 0.126972
46.487183, 0.136394, 0.127139
46.572876, 0.139563, 0.128377
46.658777, 0.143504, 0.130212
46.744887, 0.147084, 0.131745
46.831207, 0.150126, 0.132944
46.917737, 0.152607, 0.134097
47.004479, 0.153900, 0.134832
47.091432, 0.154060, 0.134907
47.178599, 0.153828, 0.134731
47.265979, 0.153787, 0.134461
47.353573, 0.154179, 0.134145
47.441382, 0.154607, 0.133828
47.529408, 0.154553, 0.133460
47.617650, 0.153812, 0.132813
47.706110, 0.152354, 0.131401
47.794788, 0.150606, 0.129314
47.883685, 0.149227, 0.127341
47.972803, 0.148349, 0.126029
48.062141, 0.147684, 0.125345
48.151701, 0.146685, 0.124675
48.241483, 0.145172, 0.123367
48.331488, 0.143722, 0.121800
48.421718, 0.142708, 0.120761
48.512172, 0.141676, 0.120304
48.602853, 0.140199, 0.119823
48.693760, 0.138780, 0.118981
48.784894, 0.137995, 0.118062
48.876257, 0.137725, 0.117465
48.967849, 0.137325, 0.117161
49.059671, 0.136519, 0.116697
49.151724, 0.135978, 0.116214
49.244009, 0.136355, 0.116277
49.336526, 0.137739, 0.117126
49.429277, 0.139693, 0.118694
49.522263, 0.141112, 0.120251
49.615484, 0.141003, 0.120777
49.708941, 0.139587, 0.120047
49.802635, 0.137648, 0.118460
49.896568, 0.135865, 0.116812
49.990739, 0.134411, 0.115556
50.085150, 0.133419, 0.114596
50.179802, 0.132977, 0.113817
50.274695, 0.132512, 0.113080
50.369832, 0.131403, 0.112037
50.465211, 0.130005, 0.110670
50.560836, 0.128828, 0.109321
50.656705, 0.127362, 0.107843
50.752821, 0.125146, 0.105818
50.849185, 0.123123, 0.103885
50.945796, 0.122030, 0.102732
51.042657, 0.121565, 0.101954
51.139769, 0.121361, 0.101113
51.237131, 0.121206, 0.100367
51.334745, 0.120654, 0.099718
51.432613, 0.119573, 0.099229
51.530735, 0.118001, 0.098683
51.629112, 0.116434, 0.097686
51.727745, 0.115706, 0.096655
51.826635, 0.115930, 0.096386
51.925783, 0.115874, 0.096477
52.025191, 0.114838, 0.096035
52.124858, 0.113867, 0.095471
52.224787, 0.113329, 0.095268
52.324978, 0.112665, 0.095046
52.425432, 0.112378, 0.095053
52.526151, 0.112647, 0.095639
52.627135, 0.112061, 0.095798
52.728385, 0.110204, 0.094738
52.829903, 0.108019, 0.092972
52.931689, 0.106383, 0.091337
53.033744, 0.105838, 0.090547
53.136071, 0.106133, 0.090536
53.238669, 0.107100, 0.091204
53.341539, 0.108430, 0.092497
53.444684, 0.109709, 0.094103
53.548104, 0.110325, 0.095516
53.651799, 0.109803, 0.096106
53.755772, 0.108736, 0.095909
53.860024, 0.107648, 0.095452
53.964554, 0.106329, 0.094756
54.069365, 0.104928, 0.093678
54.174458, 0.103966, 0.092589
54.279834, 0.103690, 0.091986
54.385493, 0.104130, 0.092274
54.491438, 0.105078, 0.093448
54.597669, 0.105815, 0.094801
54.704187, 0.105769, 0.095642
54.810994, 0.105157, 0.096157
54.918091, 0.104245, 0.096539
55.025479, 0.103300, 0.096920
55.133158, 0.102189, 0.097121
55.241131, 0.100542, 0.096467
55.349399, 0.099061, 0.095328
55.457962, 0.098648, 0.094765
55.566823, 0.099217, 0.095039
55.675981, 0.100248, 0.095989
55.785439, 0.101182, 0.097505
55.895197, 0.101046, 0.098680
56.005257, 0.099569, 0.098622
56.115621, 0.097730, 0.097614
56.226289, 0.096599, 0.096815
56.337262, 0.096203, 0.096613
56.448542, 0.096231, 0.096580
56.560131, 0.096425, 0.096845
56.672029, 0.096172, 0.097077
56.784237, 0.095490, 0.096912
56.896758, 0.094724, 0.096673
57.009592, 0.093881, 0.096681
57.122740, 0.092730, 0.096691
57.236205, 0.091273, 0.096273
57.349987, 0.089809, 0.095465
57.464087, 0.088817, 0.094731
57.578508, 0.088422, 0.094355
57.693250, 0.088322, 0.094240
57.808314, 0.088214, 0.094266
57.923703, 0.087896, 0.094208
58.039416, 0.087472, 0.094083
58.155457, 0.087090, 0.094121
58.271826, 0.086697, 0.094299
58.388524, 0.086208, 0.094377
58.505553, 0.085412, 0.094034
58.622915, 0.084303, 0.093173
58.740611, 0.083257, 0.092274
58.858641, 0.082752, 0.092004
58.977009, 0.082659, 0.092475
59.095714, 0.081927, 0.092755
59.214759, 0.079809, 0.091646
59.334145, 0.077163, 0.089374
59.453873, 0.075282, 0.087340
59.573946, 0.074073, 0.085918
59.694364, 0.073110, 0.084749
59.815128, 0.072179, 0.083586
59.936241, 0.071350, 0.082452
60.057704, 0.070650, 0.081369
60.179519, 0.070012, 0.080238
60.301686, 0.069374, 0.079051
60.424208, 0.069000, 0.078127
60.547086, 0.069445, 0.078034
60.670322, 0.070569, 0.078944
60.793917, 0.071234, 0.079839
60.917873, 0.071142, 0.079992
61.042191, 0.071037, 0.079966
61.166872, 0.071119, 0.080191
61.291920, 0.070989, 0.080430
61.417334, 0.070537, 0.080583
61.543117, 0.069868, 0.080531
61.669271, 0.069220, 0.080329
61.795797, 0.068620, 0.080188
61.922696, 0.067439, 0.079198
62.049971, 0.066363, 0.077752
62.177622, 0.065853, 0.076755
62.305653, 0.065312, 0.075852
62.434063, 0.064841, 0.075152
62.562856, 0.064490, 0.074647
62.692032, 0.064257, 0.074282
62.821594, 0.064408, 0.074540
62.951543, 0.064347, 0.074878
63.081882, 0.063706, 0.074515
63.212610, 0.062780, 0.073635
63.343732, 0.061778, 0.072742
63.475247, 0.060556, 0.071638
63.607159, 0.059330, 0.070279
63.739468, 0.058346, 0.069099
63.872177, 0.057398, 0.068000
64.005287, 0.056503, 0.067096
64.138800, 0.055242, 0.065881
64.272719, 0.053649, 0.064068
64.407044, 0.052098, 0.062202
64.541779, 0.050861, 0.060614
64.676924, 0.050061, 0.059430
64.812481, 0.049400, 0.058453
64.948453, 0.048872, 0.057640
65.084841, 0.048841, 0.057459
65.221647, 0.048810, 0.057453
65.358874, 0.048802, 0.057459
65.496523, 0.048799, 0.057517
65.634595, 0.048485, 0.057219
65.773094, 0.048207, 0.056835
65.912021, 0.048271, 0.057099
66.051377, 0.047982, 0.057429
66.191166, 0.047678, 0.057574
66.331388, 0.047842, 0.058118
66.472047, 0.047978, 0.058836
66.613144, 0.047875, 0.059399
66.754680, 0.047274, 0.059443
66.896659, 0.046431, 0.059081
67.039082, 0.045566, 0.058647
67.181952, 0.044739, 0.058163
67.325270, 0.043833, 0.057666
67.469038, 0.042788, 0.056998
67.613259, 0.042057, 0.056347
67.757935, 0.041475, 0.055764
67.903068, 0.041011, 0.055434
68.048660, 0.040667, 0.055657
68.194713, 0.040228, 0.056096
68.341230, 0.039713, 0.056334
68.488212, 0.039109, 0.056078
68.635663, 0.038452, 0.055612
68.783583, 0.037854, 0.055536
68.931976, 0.037035, 0.055686
69.080844, 0.035968, 0.055472
69.230189, 0.034642, 0.054603
69.380013, 0.033420, 0.053349
69.530318, 0.032784, 0.052546
69.681108, 0.032302, 0.052218
69.832383, 0.031537, 0.051565
69.984148, 0.030874, 0.050958
70.136403, 0.030205, 0.050343
70.289152, 0.029814, 0.050002
70.442396, 0.029525, 0.050252
70.596139, 0.028916, 0.050670
70.750382, 0.027936, 0.050929
70.905128, 0.026686, 0.050541
71.060380, 0.025484, 0.049088
71.216140, 0.024795, 0.047678
71.372410, 0.024147, 0.046497
71.529194, 0.023474, 0.045391
71.686492, 0.022914, 0.044470
71.844309, 0.022270, 0.043296
72.002647, 0.021624, 0.042017
72.161508, 0.020824, 0.040369
72.320895, 0.020102, 0.038728
72.480810, 0.019522, 0.037394
72.641256, 0.018969, 0.036077
72.802236, 0.018456, 0.034876
72.963753, 0.017812, 0.033658
73.125808, 0.016880, 0.031941
73.288406, 0.015883, 0.029915
73.451548, 0.014960, 0.027867
73.615237, 0.014151, 0.025819
73.779476, 0.013413, 0.023886
73.944268, 0.012803, 0.022342
74.109615, 0.012258, 0.021030
74.275521, 0.011657, 0.019684
74.441989, 0.011233, 0.018665
74.609020, 0.011042, 0.018095
74.776618, 0.010945, 0.017742
74.944786, 0.010694, 0.017164
75.113527, 0.010456, 0.016578
75.282844, 0.010358, 0.016204
75.452739, 0.010294, 0.015955
75.623216, 0.010072, 0.015526
75.794277, 0.009772, 0.014920
75.965926, 0.009513, 0.014332
76.138166, 0.009248, 0.013775
76.310999, 0.008872, 0.013153
76.484429, 0.008349, 0.012341
76.658460, 0.007877, 0.011611
76.833093, 0.007486, 0.011008
77.008332, 0.007215, 0.010557
77.184180, 0.006944, 0.010078
77.360642, 0.006641, 0.009527
77.537718, 0.006450, 0.009150
77.715414, 0.006321, 0.008914
77.893732, 0.006117, 0.008595
78.072675, 0.005848, 0.008201
78.252247, 0.005628, 0.007870
78.432451, 0.005539, 0.007711
78.613290, 0.005497, 0.007644
78.794769, 0.005392, 0.007499
78.976889, 0.005214, 0.007224
79.159655, 0.005048, 0.006958
79.343070, 0.004926, 0.006754
79.527137, 0.004874, 0.006626
79.711861, 0.004826, 0.006504
79.897244, 0.004758, 0.006350
80.083289, 0.004750, 0.006299
80.270002, 0.004705, 0.006236
80.457385, 0.004521, 0.005995
80.645441, 0.004311, 0.005689
80.834175, 0.004168, 0.005458
81.023590, 0.004019, 0.005229
81.213689, 0.003882, 0.005016
81.404478, 0.003837, 0.004921
81.595958, 0.003894, 0.004965
81.788134, 0.003745, 0.004746
81.981011, 0.003383, 0.004250
82.174591, 0.003125, 0.003897
82.368878, 0.002984, 0.003703
82.563877, 0.002806, 0.003458
82.759591, 0.002515, 0.003074
82.956025, 0.002255, 0.002738
83.153181, 0.002164, 0.002615
83.351065, 0.002236, 0.002705
83.549680, 0.002142, 0.002595
83.749031, 0.001910, 0.002318
83.949120, 0.001736, 0.002105
84.149954, 0.001647, 0.001991
84.351535, 0.001555, 0.001865
84.553868, 0.001382, 0.001631
84.756957, 0.001197, 0.001392
84.960806, 0.001062, 0.001222
85.165420, 0.000963, 0.001099
85.370803, 0.000887, 0.001004
85.576959, 0.000816, 0.000918
85.783893, 0.000758, 0.000846
85.991609, 0.000721, 0.000800
86.200111, 0.000697, 0.000771
86.409404, 0.000677, 0.000746
86.619493, 0.000660, 0.000724
86.830382, 0.000646, 0.000707
87.042075, 0.000634, 0.000693
87.254578, 0.000622, 0.000678
87.467894, 0.000611, 0.000664
87.682029, 0.000600, 0.000651
87.896987, 0.000591, 0.000640
88.112773, 0.000582, 0.000629
