# energy, eels_NLFC_w, eels_LFC_w
0.000000, -0.000000, -0.000000
0.010004, 0.000023, 0.000021
0.020017, 0.000045, 0.000043
0.030037, 0.000068, 0.000064
0.040066, 0.000090, 0.000085
0.050104, 0.000113, 0.000106
0.060149, 0.000136, 0.000128
0.070204, 0.000158, 0.000149
0.080266, 0.000181, 0.000171
0.090337, 0.000204, 0.000192
0.100416, 0.000226, 0.000213
0.110503, 0.000249, 0.000235
0.120599, 0.000272, 0.000256
0.130704, 0.000295, 0.000278
0.140817, 0.000318, 0.000299
0.150938, 0.000341, 0.000321
0.161067, 0.000363, 0.000343
0.171206, 0.000386, 0.000364
0.181352, 0.000409, 0.000386
0.191507, 0.000432, 0.000408
0.201671, 0.000456, 0.000429
0.211843, 0.000479, 0.000451
0.222023, 0.000502, 0.000473
0.232212, 0.000525, 0.000495
0.242410, 0.000548, 0.000517
0.252616, 0.000572, 0.000539
0.262831, 0.000595, 0.000561
0.273054, 0.000618, 0.000583
0.283286, 0.000642, 0.000605
0.293526, 0.000665, 0.000627
0.303775, 0.000689, 0.000649
0.314032, 0.000712, 0.000671
0.324299, 0.000736, 0.000694
0.334573, 0.000760, 0.000716
0.344857, 0.000783, 0.000738
0.355149, 0.000807, 0.000761
0.365449, 0.000831, 0.000783
0.375759, 0.000855, 0.000806
0.386077, 0.000879, 0.000828
0.396404, 0.000903, 0.000851
0.406739, 0.000927, 0.000873
0.417083, 0.000951, 0.000896
0.427436, 0.000975, 0.000919
0.437798, 0.001000, 0.000942
0.448168, 0.001024, 0.000965
0.458547, 0.001048, 0.000988
0.468935, 0.001073, 0.001011
0.479332, 0.001098, 0.001034
0.489737, 0.001122, 0.001057
0.500151, 0.001147, 0.001080
0.510574, 0.001172, 0.001103
0.521006, 0.001197, 0.001127
0.531447, 0.001222, 0.001150
0.541896, 0.001247, 0.001174
0.552355, 0.001272, 0.001197
0.562822, 0.001297, 0.001221
0.573298, 0.001322, 0.001245
0.583783, 0.001348, 0.001269
0.594277, 0.001373, 0.001292
0.604780, 0.001399, 0.001316
0.615292, 0.001424, 0.001341
0.625812, 0.001450, 0.001365
0.636342, 0.001476, 0.001389
0.646881, 0.001502, 0.001413
0.657428, 0.001528, 0.001438
0.667985, 0.001554, 0.001462
0.678550, 0.001580, 0.001487
0.689125, 0.001607, 0.001511
0.699708, 0.001633, 0.001536
0.710301, 0.001660, 0.001561
0.720903, 0.001686, 0.001586
0.731513, 0.001713, 0.001611
0.742133, 0.001740, 0.001636
0.752762, 0.001767, 0.001662
0.763400, 0.001794, 0.001687
0.774047, 0.001821, 0.001713
0.784703, 0.001849, 0.001738
0.795368, 0.001876, 0.001764
0.806042, 0.001904, 0.001790
0.816726, 0.001932, 0.001816
0.827418, 0.001960, 0.001842
0.838120, 0.001988, 0.001868
0.848831, 0.002016, 0.001894
0.859551, 0.002044, 0.001921
0.870280, 0.002073, 0.001948
0.881019, 0.002101, 0.001974
0.891767, 0.002130, 0.002001
0.902524, 0.002159, 0.002028
0.913290, 0.002188, 0.002055
0.924066, 0.002217, 0.002082
0.934850, 0.002247, 0.002110
0.945645, 0.002276, 0.002137
0.956448, 0.002306, 0.002165
0.967261, 0.002336, 0.002193
0.978083, 0.002366, 0.002221
0.988914, 0.002396, 0.002249
0.999755, 0.002427, 0.002277
1.010605, 0.002457, 0.002306
1.021464, 0.002488, 0.002334
1.032333, 0.002519, 0.002363
1.043211, 0.002550, 0.002392
1.054099, 0.002581, 0.002421
1.064996, 0.002613, 0.002451
1.075902, 0.002645, 0.002480
1.086818, 0.002677, 0.002510
1.097744, 0.002709, 0.002540
1.108678, 0.002741, 0.002570
1.119623, 0.002774, 0.002600
1.130576, 0.002806, 0.002630
1.141540, 0.002840, 0.002661
1.152512, 0.002873, 0.002692
1.163495, 0.002906, 0.002723
1.174487, 0.002940, 0.002754
1.185488, 0.002974, 0.002785
1.196499, 0.003008, 0.002817
1.207520, 0.003043, 0.002849
1.218550, 0.003077, 0.002881
1.229590, 0.003112, 0.002913
1.240639, 0.003148, 0.002946
1.251698, 0.003183, 0.002979
1.262767, 0.003219, 0.003012
1.273845, 0.003255, 0.003045
1.284933, 0.003292, 0.003079
1.296031, 0.003328, 0.003113
1.307138, 0.003365, 0.003147
1.318255, 0.003402, 0.003181
1.329382, 0.003440, 0.003216
1.340518, 0.003478, 0.003251
1.351664, 0.003516, 0.003286
1.362820, 0.003555, 0.003321
1.373986, 0.003594, 0.003357
1.385162, 0.003633, 0.003393
1.396347, 0.003673, 0.003430
1.407542, 0.003713, 0.003466
1.418747, 0.003753, 0.003503
1.429962, 0.003794, 0.003541
1.441186, 0.003835, 0.003578
1.452421, 0.003876, 0.003616
1.463665, 0.003918, 0.003655
1.474920, 0.003961, 0.003694
1.486184, 0.004003, 0.003733
1.497458, 0.004046, 0.003772
1.508742, 0.004090, 0.003812
1.520036, 0.004134, 0.003852
1.531339, 0.004179, 0.003893
1.542653, 0.004224, 0.003934
1.553977, 0.004269, 0.003976
1.565311, 0.004315, 0.004018
1.576655, 0.004362, 0.004060
1.588008, 0.004409, 0.004103
1.599372, 0.004456, 0.004146
1.610746, 0.004504, 0.004190
1.622130, 0.004553, 0.004234
1.633524, 0.004602, 0.004279
1.644928, 0.004652, 0.004324
1.656342, 0.004702, 0.004370
1.667767, 0.004753, 0.004416
1.679201, 0.004805, 0.004463
1.690646, 0.004857, 0.004511
1.702100, 0.004910, 0.004559
1.713565, 0.004963, 0.004607
1.725040, 0.005018, 0.004656
1.736525, 0.005073, 0.004706
1.748021, 0.005129, 0.004757
1.759526, 0.005185, 0.004808
1.771042, 0.005242, 0.004860
1.782568, 0.005301, 0.004912
1.794105, 0.005359, 0.004965
1.805651, 0.005419, 0.005019
1.817208, 0.005480, 0.005074
1.828776, 0.005541, 0.005129
1.840353, 0.005604, 0.005186
1.851941, 0.005667, 0.005243
1.863539, 0.005732, 0.005301
1.875148, 0.005797, 0.005359
1.886767, 0.005864, 0.005419
1.898396, 0.005931, 0.005480
1.910036, 0.006000, 0.005541
1.921686, 0.006070, 0.005604
1.933346, 0.006141, 0.005668
1.945017, 0.006213, 0.005732
1.956699, 0.006287, 0.005798
1.968391, 0.006362, 0.005865
1.980093, 0.006438, 0.005933
1.991806, 0.006516, 0.006003
2.003529, 0.006595, 0.006073
2.015263, 0.006676, 0.006145
2.027008, 0.006758, 0.006218
2.038763, 0.006842, 0.006293
2.050528, 0.006928, 0.006369
2.062305, 0.007015, 0.006447
2.074091, 0.007104, 0.006526
2.085889, 0.007196, 0.006607
2.097697, 0.007289, 0.006690
2.109515, 0.007384, 0.006774
2.121344, 0.007482, 0.006861
2.133184, 0.007582, 0.006949
2.145035, 0.007684, 0.007039
2.156896, 0.007789, 0.007132
2.168768, 0.007896, 0.007226
2.180651, 0.008006, 0.007323
2.192545, 0.008119, 0.007423
2.204449, 0.008235, 0.007525
2.216364, 0.008354, 0.007630
2.228289, 0.008477, 0.007738
2.240226, 0.008603, 0.007848
2.252173, 0.008733, 0.007962
2.264132, 0.008867, 0.008079
2.276101, 0.009004, 0.008200
2.288081, 0.009147, 0.008324
2.300071, 0.009293, 0.008452
2.312073, 0.009445, 0.008584
2.324086, 0.009602, 0.008721
2.336109, 0.009764, 0.008863
2.348143, 0.009932, 0.009009
2.360189, 0.010107, 0.009160
2.372245, 0.010287, 0.009317
2.384312, 0.010475, 0.009480
2.396391, 0.010670, 0.009649
2.408480, 0.010872, 0.009825
2.420580, 0.011083, 0.010007
2.432691, 0.011303, 0.010197
2.444814, 0.011531, 0.010394
2.456947, 0.011769, 0.010600
2.469092, 0.012017, 0.010815
2.481247, 0.012275, 0.011038
2.493414, 0.012545, 0.011271
2.505592, 0.012825, 0.011514
2.517781, 0.013118, 0.011767
2.529981, 0.013422, 0.012031
2.542192, 0.013738, 0.012305
2.554415, 0.014067, 0.012591
2.566649, 0.014409, 0.012888
2.578894, 0.014763, 0.013197
2.591150, 0.015130, 0.013517
2.603417, 0.015508, 0.013849
2.615696, 0.015899, 0.014191
2.627986, 0.016300, 0.014544
2.640287, 0.016713, 0.014907
2.652600, 0.017134, 0.015279
2.664923, 0.017565, 0.015660
2.677259, 0.018004, 0.016049
2.689605, 0.018450, 0.016444
2.701963, 0.018902, 0.016846
2.714332, 0.019360, 0.017253
2.726713, 0.019823, 0.017665
2.739105, 0.020291, 0.018082
2.751509, 0.020765, 0.018502
2.763924, 0.021244, 0.018927
2.776351, 0.021728, 0.019355
2.788789, 0.022218, 0.019788
2.801238, 0.022714, 0.020224
2.813699, 0.023217, 0.020665
2.826172, 0.023728, 0.021111
2.838656, 0.024248, 0.021563
2.851151, 0.024779, 0.022022
2.863659, 0.025321, 0.022489
2.876177, 0.025878, 0.022965
2.888708, 0.026450, 0.023453
2.901250, 0.027042, 0.023955
2.913804, 0.027654, 0.024473
2.926369, 0.028291, 0.025010
2.938946, 0.028954, 0.025568
2.951535, 0.029646, 0.026149
2.964135, 0.030371, 0.026756
2.976747, 0.031129, 0.027391
2.989371, 0.031924, 0.028055
3.002007, 0.032757, 0.028751
3.014654, 0.033629, 0.029479
3.027314, 0.034541, 0.030240
3.039985, 0.035494, 0.031033
3.052668, 0.036488, 0.031860
3.065362, 0.037523, 0.032719
3.078069, 0.038597, 0.033609
3.090787, 0.039710, 0.034530
3.103518, 0.040861, 0.035480
3.116260, 0.042047, 0.036457
3.129014, 0.043266, 0.037459
3.141780, 0.044515, 0.038485
3.154558, 0.045791, 0.039530
3.167348, 0.047088, 0.040594
3.180150, 0.048403, 0.041671
3.192965, 0.049730, 0.042759
3.205791, 0.051063, 0.043854
3.218629, 0.052395, 0.044950
3.231479, 0.053720, 0.046043
3.244341, 0.055032, 0.047130
3.257215, 0.056324, 0.048205
3.270102, 0.057590, 0.049265
3.283001, 0.058825, 0.050306
3.295911, 0.060025, 0.051324
3.308834, 0.061186, 0.052318
3.321769, 0.062307, 0.053284
3.334716, 0.063387, 0.054221
3.347676, 0.064425, 0.055129
3.360648, 0.065422, 0.056008
3.373632, 0.066382, 0.056856
3.386628, 0.067304, 0.057676
3.399636, 0.068191, 0.058466
3.412657, 0.069045, 0.059227
3.425690, 0.069865, 0.059958
3.438736, 0.070651, 0.060659
3.451793, 0.071402, 0.061327
3.464864, 0.072115, 0.061960
3.477946, 0.072787, 0.062557
3.491041, 0.073415, 0.063112
3.504149, 0.073996, 0.063626
3.517268, 0.074529, 0.064095
3.530401, 0.075014, 0.064520
3.543545, 0.075454, 0.064903
3.556703, 0.075852, 0.065247
3.569872, 0.076217, 0.065559
3.583055, 0.076559, 0.065846
3.596250, 0.076889, 0.066118
3.609457, 0.077218, 0.066383
3.622677, 0.077561, 0.066655
3.635910, 0.077928, 0.066941
3.649155, 0.078331, 0.067254
3.662413, 0.078779, 0.067599
3.675683, 0.079280, 0.067985
3.688966, 0.079837, 0.068416
3.702262, 0.080452, 0.068894
3.715571, 0.081124, 0.069419
3.728892, 0.081850, 0.069990
3.742226, 0.082625, 0.070602
3.755573, 0.083442, 0.071251
3.768933, 0.084294, 0.071931
3.782305, 0.085174, 0.072636
3.795690, 0.086075, 0.073361
3.809088, 0.086993, 0.074102
3.822499, 0.087924, 0.074854
3.835923, 0.088867, 0.075617
3.849360, 0.089820, 0.076389
3.862809, 0.090784, 0.077170
3.876272, 0.091759, 0.077961
3.889747, 0.092747, 0.078763
3.903236, 0.093749, 0.079576
3.916737, 0.094765, 0.080401
3.930252, 0.095795, 0.081239
3.943779, 0.096838, 0.082090
3.957320, 0.097895, 0.082955
3.970873, 0.098965, 0.083834
3.984440, 0.100046, 0.084728
3.998020, 0.101138, 0.085636
4.011613, 0.102241, 0.086560
4.025219, 0.103354, 0.087498
4.038838, 0.104477, 0.088451
4.052470, 0.105610, 0.089417
4.066116, 0.106751, 0.090397
4.079774, 0.107901, 0.091388
4.093446, 0.109059, 0.092390
4.107132, 0.110221, 0.093399
4.120830, 0.111386, 0.094412
4.134542, 0.112549, 0.095425
4.148267, 0.113704, 0.096432
4.162005, 0.114843, 0.097426
4.175757, 0.115960, 0.098400
4.189522, 0.117044, 0.099347
4.203301, 0.118088, 0.100258
4.217093, 0.119086, 0.101128
4.230898, 0.120032, 0.101950
4.244717, 0.120924, 0.102724
4.258550, 0.121761, 0.103448
4.272395, 0.122548, 0.104124
4.286255, 0.123288, 0.104756
4.300127, 0.123989, 0.105350
4.314014, 0.124659, 0.105912
4.327914, 0.125306, 0.106449
4.341827, 0.125941, 0.106967
4.355754, 0.126572, 0.107473
4.369695, 0.127207, 0.107974
4.383650, 0.127854, 0.108474
4.397618, 0.128519, 0.108979
4.411599, 0.129209, 0.109494
4.425595, 0.129928, 0.110022
4.439604, 0.130680, 0.110569
4.453627, 0.131468, 0.111135
4.467664, 0.132291, 0.111722
4.481714, 0.133147, 0.112330
4.495779, 0.134031, 0.112954
4.509857, 0.134935, 0.113590
4.523949, 0.135851, 0.114231
4.538054, 0.136769, 0.114870
4.552174, 0.137683, 0.115502
4.566308, 0.138586, 0.116119
4.580455, 0.139476, 0.116721
4.594617, 0.140356, 0.117306
4.608792, 0.141231, 0.117879
4.622982, 0.142111, 0.118445
4.637185, 0.143008, 0.119014
4.651403, 0.143936, 0.119596
4.665635, 0.144907, 0.120202
4.679880, 0.145934, 0.120841
4.694140, 0.147023, 0.121524
4.708414, 0.148180, 0.122257
4.722702, 0.149405, 0.123046
4.737004, 0.150694, 0.123892
4.751320, 0.152036, 0.124794
4.765651, 0.153419, 0.125748
4.779996, 0.154831, 0.126748
4.794355, 0.156255, 0.127787
4.808728, 0.157679, 0.128856
4.823116, 0.159093, 0.129947
4.837517, 0.160491, 0.131053
4.851934, 0.161868, 0.132170
4.866364, 0.163226, 0.133293
4.880809, 0.164566, 0.134420
4.895268, 0.165892, 0.135551
4.909742, 0.167207, 0.136686
4.924230, 0.168515, 0.137827
4.938733, 0.169816, 0.138976
4.953250, 0.171111, 0.140136
4.967782, 0.172400, 0.141307
4.982328, 0.173681, 0.142495
4.996889, 0.174954, 0.143701
5.011464, 0.176219, 0.144930
5.026054, 0.177477, 0.146187
5.040658, 0.178732, 0.147477
5.055277, 0.179987, 0.148807
5.069911, 0.181250, 0.150182
5.084559, 0.182526, 0.151612
5.099222, 0.183821, 0.153101
5.113900, 0.185142, 0.154657
5.128593, 0.186491, 0.156284
5.143300, 0.187871, 0.157983
5.158022, 0.189280, 0.159753
5.172759, 0.190717, 0.161592
5.187511, 0.192178, 0.163493
5.202277, 0.193660, 0.165450
5.217059, 0.195161, 0.167453
5.231855, 0.196683, 0.169497
5.246667, 0.198229, 0.171573
5.261493, 0.199805, 0.173678
5.276334, 0.201422, 0.175810
5.291190, 0.203090, 0.177968
5.306062, 0.204822, 0.180157
5.320948, 0.206630, 0.182382
5.335849, 0.208521, 0.184649
5.350766, 0.210501, 0.186967
5.365697, 0.212573, 0.189346
5.380644, 0.214731, 0.191791
5.395605, 0.216965, 0.194310
5.410582, 0.219258, 0.196905
5.425575, 0.221582, 0.199573
5.440582, 0.223901, 0.202306
5.455604, 0.226169, 0.205089
5.470642, 0.228334, 0.207901
5.485696, 0.230338, 0.210714
5.500764, 0.232123, 0.213496
5.515848, 0.233636, 0.216211
5.530947, 0.234832, 0.218826
5.546062, 0.235681, 0.221306
5.561191, 0.236166, 0.223623
5.576337, 0.236291, 0.225752
5.591498, 0.236072, 0.227677
5.606674, 0.235541, 0.229388
5.621866, 0.234740, 0.230880
5.637073, 0.233714, 0.232158
5.652296, 0.232509, 0.233226
5.667534, 0.231166, 0.234095
5.682789, 0.229721, 0.234774
5.698058, 0.228195, 0.235271
5.713343, 0.226602, 0.235590
5.728644, 0.224944, 0.235734
5.743961, 0.223214, 0.235697
5.759294, 0.221405, 0.235472
5.774642, 0.219511, 0.235051
5.790006, 0.217532, 0.234431
5.805385, 0.215481, 0.233615
5.820781, 0.213382, 0.232619
5.836192, 0.211274, 0.231473
5.851619, 0.209203, 0.230216
5.867062, 0.207215, 0.228897
5.882521, 0.205358, 0.227572
5.897996, 0.203670, 0.226290
5.913487, 0.202178, 0.225099
5.928994, 0.200897, 0.224035
5.944517, 0.199828, 0.223123
5.960056, 0.198964, 0.222375
5.975611, 0.198284, 0.221793
5.991182, 0.197765, 0.221364
6.006769, 0.197377, 0.221071
6.022372, 0.197090, 0.220888
6.037992, 0.196877, 0.220787
6.053627, 0.196714, 0.220742
6.069279, 0.196581, 0.220727
6.084947, 0.196463, 0.220721
6.100632, 0.196347, 0.220706
6.116332, 0.196227, 0.220667
6.132049, 0.196094, 0.220595
6.147782, 0.195946, 0.220481
6.163532, 0.195783, 0.220320
6.179298, 0.195605, 0.220111
6.195081, 0.195420, 0.219859
6.210879, 0.195236, 0.219574
6.226695, 0.195065, 0.219269
6.242527, 0.194920, 0.218962
6.258375, 0.194815, 0.218674
6.274240, 0.194762, 0.218426
6.290121, 0.194771, 0.218238
6.306019, 0.194850, 0.218130
6.321934, 0.195003, 0.218116
6.337865, 0.195229, 0.218205
6.353813, 0.195524, 0.218400
6.369778, 0.195876, 0.218697
6.385759, 0.196272, 0.219084
6.401758, 0.196693, 0.219542
6.417773, 0.197119, 0.220049
6.433804, 0.197527, 0.220577
6.449853, 0.197898, 0.221101
6.465918, 0.198213, 0.221596
6.482001, 0.198462, 0.222043
6.498100, 0.198637, 0.222428
6.514216, 0.198738, 0.222743
6.530349, 0.198768, 0.222988
6.546499, 0.198733, 0.223164
6.562666, 0.198635, 0.223275
6.578850, 0.198478, 0.223322
6.595052, 0.198259, 0.223303
6.611270, 0.197976, 0.223216
6.627505, 0.197630, 0.223053
6.643758, 0.197223, 0.222812
6.660028, 0.196768, 0.222490
6.676315, 0.196282, 0.222093
6.692619, 0.195792, 0.221632
6.708940, 0.195326, 0.221125
6.725279, 0.194914, 0.220592
6.741635, 0.194581, 0.220057
6.758009, 0.194344, 0.219539
6.774399, 0.194214, 0.219053
6.790808, 0.194193, 0.218608
6.807233, 0.194279, 0.218212
6.823676, 0.194471, 0.217870
6.840137, 0.194766, 0.217591
6.856615, 0.195167, 0.217382
6.873111, 0.195679, 0.217256
6.889624, 0.196310, 0.217227
6.906154, 0.197063, 0.217305
6.922703, 0.197941, 0.217499
6.939269, 0.198939, 0.217811
6.955853, 0.200047, 0.218236
6.972454, 0.201253, 0.218765
6.989073, 0.202542, 0.219389
7.005710, 0.203901, 0.220097
7.022365, 0.205319, 0.220878
7.039037, 0.206787, 0.221725
7.055728, 0.208295, 0.222629
7.072436, 0.209836, 0.223580
7.089162, 0.211398, 0.224568
7.105906, 0.212973, 0.225583
7.122668, 0.214554, 0.226615
7.139448, 0.216140, 0.227664
7.156246, 0.217736, 0.228730
7.173062, 0.219351, 0.229823
7.189897, 0.220996, 0.230952
7.206749, 0.222685, 0.232127
7.223619, 0.224424, 0.233355
7.240508, 0.226217, 0.234637
7.257415, 0.228062, 0.235972
7.274340, 0.229957, 0.237354
7.291283, 0.231900, 0.238780
7.308245, 0.233893, 0.240251
7.325225, 0.235939, 0.241772
7.342223, 0.238045, 0.243349
7.359239, 0.240215, 0.244990
7.376274, 0.242448, 0.246698
7.393328, 0.244737, 0.248473
7.410400, 0.247070, 0.250305
7.427490, 0.249432, 0.252185
7.444599, 0.251807, 0.254099
7.461727, 0.254186, 0.256039
7.478873, 0.256565, 0.257999
7.496037, 0.258947, 0.259980
7.513221, 0.261346, 0.261990
7.530423, 0.263778, 0.264041
7.547643, 0.266268, 0.266150
7.564883, 0.268841, 0.268336
7.582141, 0.271528, 0.270622
7.599418, 0.274356, 0.273028
7.616714, 0.277351, 0.275576
7.634029, 0.280533, 0.278279
7.651362, 0.283911, 0.281146
7.668715, 0.287486, 0.284177
7.686086, 0.291249, 0.287365
7.703477, 0.295186, 0.290696
7.720886, 0.299282, 0.294157
7.738314, 0.303518, 0.297735
7.755762, 0.307884, 0.301419
7.773229, 0.312367, 0.305200
7.790715, 0.316964, 0.309075
7.808220, 0.321673, 0.313043
7.825744, 0.326501, 0.317107
7.843287, 0.331456, 0.321273
7.860850, 0.336549, 0.325552
7.878432, 0.341791, 0.329954
7.896033, 0.347194, 0.334490
7.913654, 0.352772, 0.339177
7.931294, 0.358545, 0.344036
7.948953, 0.364535, 0.349095
7.966632, 0.370771, 0.354387
7.984331, 0.377277, 0.359945
8.002049, 0.384073, 0.365798
8.019786, 0.391167, 0.371965
8.037543, 0.398554, 0.378457
8.055320, 0.406219, 0.385268
8.073117, 0.414131, 0.392382
8.090933, 0.422253, 0.399770
8.108768, 0.430538, 0.407394
8.126624, 0.438931, 0.415205
8.144499, 0.447379, 0.423153
8.162394, 0.455827, 0.431191
8.180309, 0.464234, 0.439276
8.198244, 0.472568, 0.447380
8.216199, 0.480809, 0.455485
8.234174, 0.488946, 0.463581
8.252168, 0.496971, 0.471664
8.270183, 0.504880, 0.479730
8.288218, 0.512665, 0.487770
8.306273, 0.520316, 0.495772
8.324348, 0.527821, 0.503720
8.342443, 0.535169, 0.511591
8.360558, 0.542349, 0.519364
8.378694, 0.549363, 0.527019
8.396849, 0.556224, 0.534551
8.415025, 0.562962, 0.541967
8.433222, 0.569618, 0.549288
8.451438, 0.576240, 0.556551
8.469676, 0.582867, 0.563792
8.487933, 0.589529, 0.571051
8.506211, 0.596239, 0.578359
8.524509, 0.602998, 0.585742
8.542828, 0.609801, 0.593223
8.561168, 0.616651, 0.600832
8.579528, 0.623569, 0.608614
8.597909, 0.630597, 0.616640
8.616310, 0.637794, 0.625006
8.634732, 0.645232, 0.633831
8.653175, 0.652970, 0.643250
8.671639, 0.661025, 0.653387
8.690123, 0.669347, 0.664328
8.708629, 0.677779, 0.676083
8.727155, 0.686053, 0.688553
8.745702, 0.693796, 0.701513
8.764270, 0.700573, 0.714617
8.782859, 0.705938, 0.727423
8.801469, 0.709504, 0.739447
8.820100, 0.710985, 0.750209
8.838752, 0.710226, 0.759287
8.857425, 0.707204, 0.766350
8.876119, 0.702015, 0.771177
8.894835, 0.694855, 0.773676
8.913572, 0.685994, 0.773877
8.932330, 0.675751, 0.771931
8.951109, 0.664460, 0.768081
8.969910, 0.652431, 0.762619
8.988732, 0.639921, 0.755838
9.007575, 0.627117, 0.747990
9.026440, 0.614148, 0.739268
9.045327, 0.601108, 0.729820
9.064235, 0.588099, 0.719791
9.083164, 0.575248, 0.709354
9.102115, 0.562704, 0.698726
9.121088, 0.550613, 0.688151
9.140082, 0.539075, 0.677855
9.159098, 0.528117, 0.667994
9.178136, 0.517688, 0.658627
9.197196, 0.507670, 0.649716
9.216277, 0.497918, 0.641145
9.235380, 0.488291, 0.632767
9.254506, 0.478674, 0.624434
9.273653, 0.468985, 0.616016
9.292822, 0.459164, 0.607397
9.312013, 0.449161, 0.598466
9.331226, 0.438922, 0.589094
9.350461, 0.428393, 0.579140
9.369719, 0.417519, 0.568456
9.388998, 0.406267, 0.556914
9.408300, 0.394632, 0.544431
9.427624, 0.382654, 0.530996
9.446970, 0.370418, 0.516683
9.466338, 0.358045, 0.501642
9.485729, 0.345674, 0.486076
9.505142, 0.333443, 0.470209
9.524578, 0.321467, 0.454249
9.544036, 0.309834, 0.438372
9.563517, 0.298597, 0.422711
9.583020, 0.287789, 0.407366
9.602546, 0.277430, 0.392417
9.622094, 0.267538, 0.377944
9.641665, 0.258139, 0.364036
9.661259, 0.249267, 0.350789
9.680875, 0.240953, 0.338296
9.700515, 0.233217, 0.326628
9.720177, 0.226059, 0.315820
9.739862, 0.219452, 0.305860
9.759570, 0.213341, 0.296689
9.779300, 0.207656, 0.288210
9.799054, 0.202312, 0.280302
9.818831, 0.197226, 0.272837
9.838631, 0.192329, 0.265698
9.858454, 0.187569, 0.258797
9.878300, 0.182921, 0.252080
9.898169, 0.178385, 0.245536
9.918061, 0.173979, 0.239183
9.937977, 0.169731, 0.233063
9.957916, 0.165665, 0.227215
9.977879, 0.161789, 0.221664
9.997865, 0.158087, 0.216401
10.017874, 0.154519, 0.211380
10.037906, 0.151026, 0.206516
10.057963, 0.147537, 0.201703
10.078042, 0.143983, 0.196823
10.098146, 0.140317, 0.191780
10.118273, 0.136516, 0.186513
10.138423, 0.132595, 0.181017
10.158598, 0.128599, 0.175340
10.178796, 0.124594, 0.169573
10.199018, 0.120653, 0.163826
10.219264, 0.116840, 0.158213
10.239533, 0.113203, 0.152821
10.259827, 0.109771, 0.147708
10.280144, 0.106546, 0.142894
10.300486, 0.103518, 0.138369
10.320852, 0.100665, 0.134103
10.341241, 0.097962, 0.130059
10.361655, 0.095392, 0.126204
10.382093, 0.092945, 0.122518
10.402555, 0.090624, 0.118999
10.423042, 0.088438, 0.115659
10.443553, 0.086401, 0.112519
10.464088, 0.084526, 0.109603
10.484648, 0.082823, 0.106929
10.505232, 0.081289, 0.104505
10.525840, 0.079913, 0.102320
10.546473, 0.078675, 0.100350
10.567131, 0.077547, 0.098557
10.587813, 0.076496, 0.096894
10.608520, 0.075496, 0.095316
10.629252, 0.074524, 0.093783
10.650008, 0.073568, 0.092270
10.670789, 0.072627, 0.090763
10.691595, 0.071706, 0.089263
10.712426, 0.070818, 0.087779
10.733282, 0.069975, 0.086327
10.754163, 0.069191, 0.084927
10.775069, 0.068474, 0.083591
10.796000, 0.067832, 0.082331
10.816956, 0.067262, 0.081148
10.837937, 0.066762, 0.080037
10.858943, 0.066325, 0.078990
10.879975, 0.065943, 0.077995
10.901032, 0.065611, 0.077042
10.922114, 0.065325, 0.076122
10.943222, 0.065084, 0.075230
10.964355, 0.064892, 0.074365
10.985513, 0.064749, 0.073530
11.006697, 0.064659, 0.072731
11.027907, 0.064620, 0.071975
11.049142, 0.064630, 0.071269
11.070403, 0.064678, 0.070617
11.091689, 0.064749, 0.070018
11.113002, 0.064827, 0.069466
11.134340, 0.064894, 0.068947
11.155704, 0.064933, 0.068450
11.177094, 0.064936, 0.067959
11.198510, 0.064900, 0.067467
11.219951, 0.064833, 0.066972
11.241419, 0.064751, 0.066480
11.262913, 0.064673, 0.066005
11.284433, 0.064620, 0.065562
11.305979, 0.064609, 0.065168
11.327552, 0.064645, 0.064833
11.349150, 0.064724, 0.064556
11.370775, 0.064829, 0.064330
11.392427, 0.064934, 0.064137
11.414105, 0.065011, 0.063953
11.435809, 0.065035, 0.063757
11.457540, 0.064993, 0.063530
11.479297, 0.064886, 0.063266
11.501081, 0.064731, 0.062968
11.522892, 0.064557, 0.062650
11.544729, 0.064393, 0.062331
11.566593, 0.064268, 0.062026
11.588484, 0.064200, 0.061751
11.610402, 0.064196, 0.061512
11.632346, 0.064253, 0.061312
11.654318, 0.064361, 0.061146
11.676317, 0.064500, 0.061009
11.698342, 0.064651, 0.060892
11.720395, 0.064792, 0.060787
11.742475, 0.064912, 0.060686
11.764582, 0.065005, 0.060589
11.786717, 0.065073, 0.060496
11.808878, 0.065127, 0.060411
11.831067, 0.065173, 0.060337
11.853284, 0.065220, 0.060276
11.875528, 0.065274, 0.060232
11.897799, 0.065342, 0.060209
11.920098, 0.065434, 0.060214
11.942425, 0.065560, 0.060257
11.964779, 0.065728, 0.060349
11.987161, 0.065943, 0.060496
12.009571, 0.066200, 0.060702
12.032008, 0.066490, 0.060961
12.054474, 0.066795, 0.061260
12.076967, 0.067096, 0.061584
12.099488, 0.067375, 0.061912
12.122038, 0.067616, 0.062224
12.144615, 0.067808, 0.062505
12.167221, 0.067943, 0.062742
12.189854, 0.068017, 0.062932
12.212516, 0.068030, 0.063072
12.235207, 0.067985, 0.063168
12.257925, 0.067893, 0.063230
12.280672, 0.067772, 0.063275
12.303448, 0.067648, 0.063323
12.326252, 0.067547, 0.063396
12.349084, 0.067494, 0.063514
12.371945, 0.067508, 0.063689
12.394835, 0.067597, 0.063930
12.417754, 0.067769, 0.064239
12.440701, 0.068030, 0.064622
12.463677, 0.068385, 0.065081
12.486682, 0.068840, 0.065620
12.509716, 0.069398, 0.066240
12.532779, 0.070056, 0.066937
12.555871, 0.070804, 0.067706
12.578992, 0.071625, 0.068534
12.602142, 0.072497, 0.069406
12.625321, 0.073392, 0.070302
12.648530, 0.074281, 0.071199
12.671768, 0.075136, 0.072073
12.695035, 0.075939, 0.072902
12.718332, 0.076685, 0.073675
12.741658, 0.077385, 0.074391
12.765014, 0.078059, 0.075059
12.788399, 0.078734, 0.075698
12.811814, 0.079437, 0.076332
12.835259, 0.080193, 0.076987
12.858734, 0.081025, 0.077693
12.882238, 0.081952, 0.078475
12.905772, 0.082986, 0.079356
12.929336, 0.084136, 0.080348
12.952931, 0.085405, 0.081456
12.976555, 0.086799, 0.082680
13.000209, 0.088326, 0.084017
13.023894, 0.089995, 0.085465
13.047608, 0.091817, 0.087022
13.071353, 0.093796, 0.088681
13.095129, 0.095922, 0.090427
13.118935, 0.098168, 0.092230
13.142771, 0.100485, 0.094043
13.166637, 0.102803, 0.095807
13.190535, 0.105044, 0.097460
13.214463, 0.107126, 0.098943
13.238421, 0.108975, 0.100213
13.262411, 0.110545, 0.101247
13.286431, 0.111818, 0.102050
13.310482, 0.112816, 0.102653
13.334564, 0.113595, 0.103112
13.358677, 0.114232, 0.103492
13.382821, 0.114808, 0.103856
13.406996, 0.115381, 0.104245
13.431202, 0.115980, 0.104676
13.455440, 0.116606, 0.105139
13.479709, 0.117245, 0.105618
13.504009, 0.117893, 0.106100
13.528340, 0.118561, 0.106594
13.552703, 0.119280, 0.107128
13.577098, 0.120091, 0.107739
13.601524, 0.121031, 0.108467
13.625982, 0.122127, 0.109340
13.650471, 0.123395, 0.110373
13.674993, 0.124843, 0.111572
13.699546, 0.126467, 0.112927
13.724131, 0.128253, 0.114419
13.748748, 0.130170, 0.116015
13.773397, 0.132171, 0.117668
13.798078, 0.134192, 0.119319
13.822792, 0.136152, 0.120896
13.847537, 0.137960, 0.122319
13.872315, 0.139526, 0.123517
13.897125, 0.140775, 0.124440
13.921968, 0.141657, 0.125068
13.946843, 0.142153, 0.125416
13.971750, 0.142280, 0.125530
13.996690, 0.142106, 0.125483
14.021663, 0.141743, 0.125370
14.046669, 0.141340, 0.125294
14.071707, 0.141045, 0.125347
14.096778, 0.140966, 0.125587
14.121882, 0.141140, 0.126021
14.147020, 0.141531, 0.126604
14.172190, 0.142042, 0.127251
14.197393, 0.142552, 0.127862
14.222629, 0.142959, 0.128355
14.247899, 0.143207, 0.128688
14.273202, 0.143296, 0.128863
14.298538, 0.143260, 0.128913
14.323908, 0.143148, 0.128883
14.349311, 0.142997, 0.128811
14.374748, 0.142828, 0.128724
14.400219, 0.142654, 0.128638
14.425723, 0.142482, 0.128565
14.451261, 0.142327, 0.128518
14.476833, 0.142213, 0.128510
14.502439, 0.142172, 0.128557
14.528079, 0.142235, 0.128678
14.553752, 0.142439, 0.128893
14.579460, 0.142815, 0.129231
14.605202, 0.143384, 0.129723
14.630979, 0.144152, 0.130393
14.656789, 0.145097, 0.131251
14.682634, 0.146182, 0.132285
14.708514, 0.147369, 0.133476
14.734428, 0.148635, 0.134803
14.760376, 0.149982, 0.136255
14.786360, 0.151427, 0.137822
14.812378, 0.152983, 0.139488
14.838431, 0.154634, 0.141219
14.864518, 0.156328, 0.142959
14.890641, 0.157981, 0.144634
14.916799, 0.159496, 0.146175
14.942991, 0.160792, 0.147523
14.969219, 0.161809, 0.148645
14.995482, 0.162511, 0.149521
15.021781, 0.162880, 0.150139
15.048114, 0.162920, 0.150499
15.074484, 0.162663, 0.150615
15.100888, 0.162163, 0.150519
15.127329, 0.161498, 0.150263
15.153804, 0.160760, 0.149917
15.180316, 0.160047, 0.149561
15.206864, 0.159460, 0.149281
15.233447, 0.159084, 0.149155
15.260066, 0.158983, 0.149244
15.286721, 0.159184, 0.149577
15.313413, 0.159667, 0.150142
15.340140, 0.160372, 0.150883
15.366904, 0.161195, 0.151712
15.393704, 0.162010, 0.152521
15.420541, 0.162684, 0.153195
15.447414, 0.163104, 0.153635
15.474323, 0.163199, 0.153774
15.501269, 0.162957, 0.153591
15.528252, 0.162418, 0.153115
15.555271, 0.161658, 0.152411
15.582328, 0.160763, 0.151562
15.609421, 0.159807, 0.150652
15.636551, 0.158839, 0.149744
15.663718, 0.157886, 0.148880
15.690923, 0.156961, 0.148081
15.718164, 0.156089, 0.147368
15.745443, 0.155307, 0.146766
15.772760, 0.154662, 0.146304
15.800113, 0.154191, 0.146005
15.827504, 0.153899, 0.145869
15.854933, 0.153758, 0.145868
15.882400, 0.153719, 0.145959
15.909904, 0.153734, 0.146097
15.937446, 0.153774, 0.146257
15.965026, 0.153835, 0.146440
15.992644, 0.153935, 0.146669
16.020300, 0.154102, 0.146982
16.047994, 0.154370, 0.147413
16.075727, 0.154762, 0.147987
16.103497, 0.155282, 0.148700
16.131306, 0.155907, 0.149525
16.159154, 0.156595, 0.150406
16.187040, 0.157298, 0.151282
16.214964, 0.157981, 0.152099
16.242928, 0.158626, 0.152829
16.270930, 0.159229, 0.153468
16.298971, 0.159787, 0.154031
16.327051, 0.160291, 0.154538
16.355170, 0.160723, 0.155003
16.383328, 0.161073, 0.155436
16.411525, 0.161351, 0.155853
16.439762, 0.161604, 0.156289
16.468038, 0.161909, 0.156801
16.496353, 0.162363, 0.157459
16.524708, 0.163055, 0.158325
16.553102, 0.164049, 0.159436
16.581536, 0.165370, 0.160794
16.610010, 0.167010, 0.162374
16.638524, 0.168928, 0.164132
16.667077, 0.171057, 0.166012
16.695671, 0.173317, 0.167957
16.724305, 0.175649, 0.169929
16.752978, 0.178030, 0.171925
16.781693, 0.180484, 0.173973
16.810447, 0.183053, 0.176108
16.839242, 0.185759, 0.178347
16.868078, 0.188586, 0.180665
16.896954, 0.191477, 0.183003
16.925870, 0.194359, 0.185293
16.954828, 0.197169, 0.187486
16.983826, 0.199877, 0.189576
17.012866, 0.202507, 0.191614
17.041946, 0.205138, 0.193698
17.071068, 0.207887, 0.195945
17.100231, 0.210866, 0.198451
17.129435, 0.214150, 0.201261
17.158680, 0.217739, 0.204350
17.187967, 0.221542, 0.207620
17.217295, 0.225376, 0.210915
17.246666, 0.229015, 0.214058
17.276078, 0.232279, 0.216926
17.305531, 0.235119, 0.219505
17.335027, 0.237629, 0.221889
17.364565, 0.239981, 0.224226
17.394144, 0.242316, 0.226636
17.423766, 0.244677, 0.229164
17.453430, 0.246997, 0.231769
17.483137, 0.249131, 0.234348
17.512886, 0.250906, 0.236754
17.542678, 0.252175, 0.238842
17.572512, 0.252870, 0.240507
17.602389, 0.253028, 0.241720
17.632309, 0.252786, 0.242542
17.662271, 0.252351, 0.243107
17.692277, 0.251956, 0.243580
17.722326, 0.251800, 0.244121
17.752418, 0.252012, 0.244847
17.782553, 0.252633, 0.245813
17.812732, 0.253619, 0.247015
17.842954, 0.254864, 0.248398
17.873220, 0.256240, 0.249889
17.903530, 0.257642, 0.251424
17.933883, 0.259024, 0.252980
17.964280, 0.260410, 0.254586
17.994721, 0.261884, 0.256311
18.025206, 0.263555, 0.258241
18.055735, 0.265525, 0.260455
18.086308, 0.267857, 0.262999
18.116926, 0.270544, 0.265861
18.147588, 0.273490, 0.268958
18.178295, 0.276527, 0.272139
18.209047, 0.279440, 0.275216
18.239843, 0.282004, 0.277996
18.270683, 0.284014, 0.280312
18.301569, 0.285345, 0.282052
18.332500, 0.285990, 0.283190
18.363476, 0.286070, 0.283800
18.394497, 0.285807, 0.284042
18.425564, 0.285458, 0.284114
18.456676, 0.285235, 0.284186
18.487833, 0.285256, 0.284354
18.519036, 0.285539, 0.284641
18.550285, 0.286031, 0.285032
18.581579, 0.286656, 0.285522
18.612920, 0.287357, 0.286137
18.644306, 0.288113, 0.286927
18.675739, 0.288951, 0.287937
18.707217, 0.289934, 0.289191
18.738743, 0.291147, 0.290700
18.770314, 0.292667, 0.292474
18.801932, 0.294528, 0.294517
18.833597, 0.296709, 0.296802
18.865308, 0.299129, 0.299253
18.897067, 0.301685, 0.301758
18.928872, 0.304308, 0.304225
18.960724, 0.307008, 0.306641
18.992623, 0.309871, 0.309062
19.024570, 0.312995, 0.311564
19.056564, 0.316420, 0.314169
19.088605, 0.320109, 0.316829
19.120694, 0.323944, 0.319429
19.152831, 0.327752, 0.321835
19.185015, 0.331333, 0.323926
19.217248, 0.334474, 0.325599
19.249528, 0.336958, 0.326758
19.281857, 0.338607, 0.327319
19.314233, 0.339367, 0.327275
19.346658, 0.339377, 0.326748
19.379132, 0.338953, 0.325991
19.411653, 0.338499, 0.325321
19.444224, 0.338404, 0.325029
19.476843, 0.338961, 0.325326
19.509511, 0.340326, 0.326312
19.542229, 0.342512, 0.327975
19.574995, 0.345424, 0.330213
19.607810, 0.348940, 0.332902
19.640675, 0.352974, 0.335957
19.673589, 0.357495, 0.339359
19.706553, 0.362474, 0.343108
19.739566, 0.367787, 0.347144
19.772629, 0.373166, 0.351280
19.805742, 0.378238, 0.355223
19.838905, 0.382675, 0.358692
19.872118, 0.386326, 0.361534
19.905381, 0.389229, 0.363767
19.938694, 0.391516, 0.365513
19.972058, 0.393336, 0.366918
20.005473, 0.394844, 0.368115
20.038938, 0.396216, 0.369220
20.072454, 0.397626, 0.370323
20.106020, 0.399209, 0.371479
20.139638, 0.401060, 0.372721
20.173307, 0.403285, 0.374106
20.207027, 0.406010, 0.375747
20.240799, 0.409358, 0.377794
20.274622, 0.413402, 0.380378
20.308496, 0.418166, 0.383566
20.342422, 0.423636, 0.387342
20.376400, 0.429767, 0.391620
20.410431, 0.436476, 0.396280
20.444513, 0.443600, 0.401193
20.478647, 0.450854, 0.406205
20.512833, 0.457827, 0.411099
20.547072, 0.464091, 0.415603
20.581364, 0.469349, 0.419466
20.615708, 0.473550, 0.422556
20.650105, 0.476875, 0.424901
20.684555, 0.479604, 0.426632
20.719058, 0.481956, 0.427884
20.753614, 0.484042, 0.428742
20.788224, 0.485954, 0.429297
20.822886, 0.487900, 0.429746
20.857603, 0.490271, 0.430448
20.892373, 0.493558, 0.431858
20.927196, 0.498150, 0.434384
20.962074, 0.504161, 0.438235
20.997006, 0.511370, 0.443358
21.031991, 0.519307, 0.449466
21.067031, 0.527437, 0.456145
21.102126, 0.535360, 0.462994
21.137275, 0.542916, 0.469732
21.172478, 0.550146, 0.476237
21.207737, 0.557173, 0.482499
21.243050, 0.564094, 0.488531
21.278419, 0.570963, 0.494321
21.313842, 0.577808, 0.499832
21.349321, 0.584604, 0.505028
21.384855, 0.591222, 0.509867
21.420445, 0.597503, 0.514332
21.456091, 0.603449, 0.518517
21.491792, 0.609327, 0.522666
21.527549, 0.615504, 0.527043
21.563363, 0.622115, 0.531688
21.599232, 0.628875, 0.536308
21.635158, 0.635246, 0.540442
21.671141, 0.640854, 0.543809
21.707180, 0.645812, 0.546552
21.743275, 0.650762, 0.549229
21.779428, 0.656612, 0.552595
21.815638, 0.664073, 0.557251
21.851904, 0.673274, 0.563382
21.888228, 0.683750, 0.570744
21.924610, 0.694777, 0.578853
21.961049, 0.705741, 0.587191
21.997546, 0.716293, 0.595299
22.034100, 0.726297, 0.602814
22.070713, 0.735729, 0.609513
22.107383, 0.744638, 0.615352
22.144112, 0.753211, 0.620521
22.180900, 0.761821, 0.625411
22.217745, 0.770871, 0.630421
22.254650, 0.780492, 0.635677
22.291613, 0.790379, 0.640946
22.328635, 0.799929, 0.645823
22.365717, 0.808571, 0.649998
22.402857, 0.816159, 0.653494
22.440057, 0.823259, 0.656808
22.477316, 0.831027, 0.660829
22.514635, 0.840693, 0.666460
22.552014, 0.853094, 0.674241
22.589453, 0.868579, 0.684235
22.626952, 0.887129, 0.696191
22.664511, 0.908359, 0.709719
22.702131, 0.931332, 0.724306
22.739810, 0.954449, 0.739176
22.777551, 0.975642, 0.753221
22.815353, 0.992948, 0.765209
22.853215, 1.005315, 0.774287
22.891139, 1.013133, 0.780430
22.929123, 1.017932, 0.784411
22.967170, 1.021449, 0.787279
23.005277, 1.024946, 0.789875
23.043447, 1.029204, 0.792740
23.081678, 1.034799, 0.796291
23.119971, 1.042109, 0.800865
23.158327, 1.050987, 0.806502
23.196745, 1.060611, 0.812736
23.235225, 1.069949, 0.818774
23.273768, 1.078558, 0.824047
23.312373, 1.087005, 0.828666
23.351042, 1.096518, 0.833337
23.389773, 1.108182, 0.838841
23.428568, 1.122385, 0.845590
23.467426, 1.138834, 0.853582
23.506348, 1.156943, 0.862636
23.545333, 1.176100, 0.872570
23.584383, 1.195642, 0.883181
23.623496, 1.214799, 0.894184
23.662673, 1.232783, 0.905233
23.701915, 1.248935, 0.915959
23.741221, 1.262937, 0.926057
23.780592, 1.274931, 0.935382
23.820028, 1.285361, 0.943900
23.859528, 1.294896, 0.951660
23.899094, 1.304556, 0.958975
23.938725, 1.315449, 0.966420
23.978421, 1.327878, 0.974345
24.018183, 1.340660, 0.982350
24.058011, 1.351694, 0.989457
24.097905, 1.359317, 0.994821
24.137865, 1.363121, 0.998212
24.177891, 1.363990, 1.000052
24.217983, 1.363772, 1.001238
24.258142, 1.364557, 1.002760
24.298368, 1.367898, 1.005340
24.338661, 1.374410, 1.009376
24.379021, 1.383653, 1.014985
24.419448, 1.394166, 1.021896
24.459943, 1.403939, 1.029368
24.500505, 1.411306, 1.036382
24.541134, 1.415683, 1.042073
24.581832, 1.417754, 1.046184
24.622598, 1.419264, 1.049400
24.663432, 1.422454, 1.053236
24.704335, 1.428981, 1.059214
24.745306, 1.438834, 1.067769
24.786346, 1.450272, 1.077855
24.827455, 1.461173, 1.087739
24.868633, 1.470583, 1.096331
24.909881, 1.478832, 1.103662
24.951198, 1.486493, 1.110261
24.992584, 1.493830, 1.116512
25.034041, 1.501133, 1.122638
25.075567, 1.508889, 1.128867
25.117164, 1.517367, 1.135361
25.158831, 1.526213, 1.142079
25.200568, 1.534588, 1.148805
25.242377, 1.541829, 1.155372
25.284256, 1.548061, 1.161870
25.326206, 1.553986, 1.168485
25.368228, 1.560065, 1.175136
25.410321, 1.566293, 1.181492
25.452485, 1.572907, 1.187488
25.494722, 1.580893, 1.193752
25.537030, 1.591495, 1.201464
25.579411, 1.605367, 1.211778
25.621864, 1.622069, 1.225288
25.664390, 1.639868, 1.241634
25.706988, 1.655937, 1.259292
25.749659, 1.667503, 1.275984
25.792403, 1.673671, 1.289897
25.835221, 1.676145, 1.300857
25.878112, 1.677739, 1.310227
25.921077, 1.679900, 1.319429
25.964116, 1.681749, 1.328513
26.007229, 1.681866, 1.336515
26.050416, 1.680735, 1.343224
26.093677, 1.680749, 1.350025
26.137013, 1.684010, 1.358762
26.180424, 1.690436, 1.370022
26.223910, 1.697858, 1.382660
26.267471, 1.703856, 1.394891
26.311108, 1.707669, 1.405734
26.354820, 1.710440, 1.415513
26.398608, 1.713809, 1.425139
26.442472, 1.718676, 1.435223
26.486413, 1.725116, 1.445978
26.530429, 1.732809, 1.457510
26.574522, 1.741244, 1.469792
26.618692, 1.749449, 1.482234
26.662940, 1.755929, 1.493614
26.707264, 1.759467, 1.502877
26.751665, 1.759902, 1.509926
26.796145, 1.757877, 1.515462
26.840702, 1.754246, 1.520276
26.885337, 1.750057, 1.524891
26.930050, 1.746735, 1.529778
26.974842, 1.745495, 1.535490
27.019712, 1.746291, 1.542244
27.064662, 1.747515, 1.549426
27.109690, 1.746969, 1.555743
27.154798, 1.743484, 1.560084
27.199985, 1.737743, 1.562327
27.245251, 1.731542, 1.563392
27.290598, 1.726376, 1.564542
27.336025, 1.722591, 1.566383
27.381532, 1.719595, 1.568378
27.427119, 1.716784, 1.569440
27.472788, 1.714187, 1.568885
27.518537, 1.712540, 1.567027
27.564367, 1.713122, 1.565348
27.610279, 1.716940, 1.565773
27.656272, 1.723406, 1.569039
27.702348, 1.730309, 1.573885
27.748505, 1.735644, 1.578323
27.794744, 1.739026, 1.581425
27.841067, 1.741088, 1.583438
27.887471, 1.742559, 1.584924
27.933959, 1.744546, 1.586746
27.980530, 1.748549, 1.590144
28.027184, 1.755148, 1.595638
28.073922, 1.763011, 1.601928
28.120743, 1.769908, 1.606629
28.167649, 1.774946, 1.608472
28.214639, 1.779597, 1.608557
28.261713, 1.786674, 1.609487
28.308872, 1.798637, 1.613780
28.356116, 1.816252, 1.622808
28.403446, 1.838054, 1.636276
28.450860, 1.861209, 1.652475
28.498361, 1.883370, 1.669324
28.545947, 1.903857, 1.685456
28.593619, 1.923406, 1.700712
28.641378, 1.943075, 1.715973
28.689223, 1.962775, 1.732106
28.737155, 1.980455, 1.748502
28.785174, 1.993029, 1.762772
28.833280, 1.998994, 1.772583
28.881474, 2.000343, 1.777955
28.929756, 2.000944, 1.781087
28.978126, 2.002893, 1.783977
29.026584, 2.004719, 1.786418
29.075130, 2.003187, 1.786190
29.123765, 1.996827, 1.781313
29.172489, 1.987221, 1.771868
29.221303, 1.977306, 1.759808
29.270206, 1.969736, 1.747955
29.319198, 1.966644, 1.739381
29.368281, 1.969257, 1.736487
29.417453, 1.977267, 1.739965
29.466717, 1.989187, 1.748883
29.516071, 2.003250, 1.761675
29.565515, 2.017620, 1.776775
29.615051, 2.029937, 1.792292
29.664679, 2.037135, 1.805440
29.714398, 2.036746, 1.813135
29.764209, 2.029201, 1.814228
29.814113, 2.017746, 1.810714
29.864109, 2.005693, 1.805800
29.914197, 1.995036, 1.801779
29.964379, 1.987043, 1.800083
30.014654, 1.982423, 1.801575
30.065022, 1.980721, 1.805882
30.115484, 1.980242, 1.811154
30.166041, 1.979491, 1.815396
30.216691, 1.978450, 1.818100
30.267436, 1.977454, 1.819646
30.318276, 1.976010, 1.819994
30.369211, 1.973572, 1.818918
30.420242, 1.970751, 1.816821
30.471368, 1.969496, 1.815143
30.522589, 1.971204, 1.815292
30.573908, 1.974871, 1.816958
30.625322, 1.978646, 1.818757
30.676833, 1.982180, 1.820304
30.728442, 1.985633, 1.822233
30.780147, 1.987398, 1.824303
30.831950, 1.985130, 1.825007
30.883851, 1.978641, 1.823270
30.935850, 1.969884, 1.819001
30.987947, 1.961053, 1.812559
31.040143, 1.953714, 1.805055
31.092438, 1.948436, 1.798218
31.144832, 1.944059, 1.792915
31.197326, 1.937687, 1.788082
31.249919, 1.926924, 1.781877
31.302613, 1.911713, 1.773345
31.355406, 1.893295, 1.762095
31.408301, 1.873077, 1.747863
31.461296, 1.852282, 1.731111
31.514393, 1.831605, 1.713167
31.567591, 1.811994, 1.696086
31.620891, 1.795562, 1.682591
31.674292, 1.783867, 1.674604
31.727797, 1.775153, 1.670792
31.781404, 1.764996, 1.666724
31.835114, 1.750384, 1.658390
31.888927, 1.732171, 1.645295
31.942844, 1.713237, 1.630111
31.996864, 1.695219, 1.615740
32.050989, 1.677328, 1.602846
32.105219, 1.657646, 1.590011
32.159553, 1.634892, 1.575501
32.213992, 1.609558, 1.558772
32.268536, 1.583495, 1.540656
32.323186, 1.558441, 1.522567
32.377943, 1.535795, 1.506339
32.432805, 1.516215, 1.493231
32.487774, 1.498801, 1.482402
32.542850, 1.482047, 1.471880
32.598033, 1.465254, 1.460362
32.653324, 1.449214, 1.447775
32.708723, 1.436329, 1.435637
32.764230, 1.428743, 1.426486
32.819845, 1.425341, 1.421738
32.875569, 1.420897, 1.419763
32.931403, 1.409278, 1.416299
32.987345, 1.388104, 1.407225
33.043398, 1.360233, 1.391556
33.099560, 1.330807, 1.372095
33.155833, 1.303245, 1.352450
33.212217, 1.278781, 1.334392
33.268712, 1.258007, 1.318577
33.325318, 1.240432, 1.305426
33.382036, 1.223951, 1.294542
33.438866, 1.206120, 1.284313
33.495809, 1.185949, 1.272539
33.552864, 1.165127, 1.258452
33.610032, 1.147062, 1.244339
33.667314, 1.133343, 1.233326
33.724710, 1.122229, 1.225677
33.782219, 1.111188, 1.219142
33.839843, 1.099158, 1.211830
33.897582, 1.086690, 1.203710
33.955435, 1.075099, 1.196183
34.013405, 1.064511, 1.189924
34.071490, 1.053268, 1.183331
34.129691, 1.040335, 1.174454
34.188009, 1.026317, 1.163175
34.246443, 1.011879, 1.150302
34.304995, 0.997631, 1.136927
34.363664, 0.984807, 1.124894
34.422451, 0.973926, 1.115645
34.481357, 0.963555, 1.108687
34.540381, 0.951468, 1.101761
34.599524, 0.936769, 1.092408
34.658786, 0.920900, 1.080309
34.718168, 0.906472, 1.067706
34.777670, 0.894934, 1.056739
34.837293, 0.885570, 1.047171
34.897036, 0.876491, 1.036963
34.956901, 0.866538, 1.024767
35.016887, 0.856774, 1.011982
35.076995, 0.849463, 1.001784
35.137225, 0.845637, 0.996559
35.197578, 0.843857, 0.996718
35.258054, 0.840932, 1.000499
35.318653, 0.834190, 1.004854
35.379376, 0.822883, 1.007085
35.440223, 0.807382, 1.005148
35.501195, 0.788498, 0.997237
35.562291, 0.768348, 0.983241
35.623513, 0.750314, 0.966177
35.684861, 0.736355, 0.949799
35.746334, 0.725433, 0.935429
35.807935, 0.715313, 0.921957
35.869661, 0.705132, 0.908127
35.931516, 0.695866, 0.894813
35.993498, 0.687853, 0.883845
36.055607, 0.679101, 0.874492
36.117846, 0.668023, 0.864125
36.180213, 0.655913, 0.852165
36.242709, 0.644771, 0.840277
36.305335, 0.634323, 0.829006
36.368091, 0.622987, 0.816837
36.430978, 0.610715, 0.802798
36.493995, 0.598826, 0.787668
36.557144, 0.588272, 0.772386
36.620424, 0.579514, 0.757848
36.683836, 0.572647, 0.745509
36.747381, 0.567018, 0.736081
36.811059, 0.561590, 0.728867
36.874870, 0.555082, 0.722013
36.938815, 0.546626, 0.713585
37.002894, 0.536919, 0.703676
37.067107, 0.527356, 0.693769
37.131456, 0.518715, 0.684513
37.195940, 0.511126, 0.675359
37.260560, 0.504581, 0.665805
37.325316, 0.498972, 0.656090
37.390209, 0.494140, 0.646702
37.455239, 0.490278, 0.638174
37.520407, 0.487496, 0.631042
37.585712, 0.485155, 0.625341
37.651157, 0.482346, 0.620584
37.716740, 0.479100, 0.616979
37.782462, 0.475802, 0.615034
37.848324, 0.471550, 0.613159
37.914327, 0.465160, 0.608277
37.980470, 0.457206, 0.599446
38.046754, 0.449382, 0.588670
38.113180, 0.442537, 0.578124
38.179748, 0.436322, 0.568489
38.246459, 0.430216, 0.559625
38.313313, 0.424255, 0.551375
38.380309, 0.418856, 0.543622
38.447450, 0.414515, 0.536632
38.514735, 0.411587, 0.531181
38.582165, 0.409654, 0.527527
38.649741, 0.407432, 0.524587
38.717462, 0.403983, 0.520916
38.785329, 0.399460, 0.516161
38.853343, 0.394188, 0.510625
38.921504, 0.388263, 0.504627
38.989813, 0.381815, 0.498371
39.058270, 0.374939, 0.491647
39.126876, 0.368049, 0.484683
39.195630, 0.361566, 0.477962
39.264535, 0.355399, 0.471191
39.333589, 0.349767, 0.464504
39.402794, 0.344957, 0.458560
39.472150, 0.340846, 0.453381
39.541658, 0.337559, 0.449159
39.611317, 0.335143, 0.446469
39.681129, 0.333370, 0.445579
39.751095, 0.332181, 0.446529
39.821214, 0.331299, 0.448927
39.891486, 0.329876, 0.451826
39.961914, 0.327004, 0.453942
40.032496, 0.322661, 0.454432
40.103235, 0.317153, 0.452994
40.174129, 0.310591, 0.449401
40.245180, 0.303900, 0.444589
40.316388, 0.298574, 0.440683
40.387754, 0.295027, 0.438737
40.459278, 0.292327, 0.438041
40.530960, 0.289378, 0.437559
40.602802, 0.285537, 0.436238
40.674804, 0.280697, 0.433031
40.746966, 0.275209, 0.428012
40.819289, 0.269283, 0.421994
40.891773, 0.263362, 0.416082
40.964420, 0.257972, 0.411059
41.037228, 0.252666, 0.405828
41.110200, 0.247079, 0.399353
41.183335, 0.241765, 0.392319
41.256635, 0.237234, 0.385355
41.330099, 0.233345, 0.378457
41.403728, 0.229580, 0.371565
41.477524, 0.225689, 0.364403
41.551485, 0.222115, 0.356945
41.625614, 0.219329, 0.349392
41.699909, 0.217087, 0.341647
41.774373, 0.214710, 0.333699
41.849006, 0.211730, 0.325566
41.923808, 0.208251, 0.317171
41.998779, 0.204680, 0.308747
42.073921, 0.201519, 0.300797
42.149234, 0.199295, 0.293728
42.224718, 0.198366, 0.287979
42.300375, 0.198390, 0.283685
42.376204, 0.198550, 0.280530
42.452206, 0.198575, 0.278284
42.528383, 0.198454, 0.276644
42.604733, 0.197966, 0.274964
42.681259, 0.197031, 0.272538
42.757961, 0.195658, 0.268622
42.834838, 0.193776, 0.263034
42.911893, 0.191539, 0.256907
42.989125, 0.189488, 0.251618
43.066536, 0.188200, 0.247707
43.144125, 0.187843, 0.245141
43.221893, 0.187739, 0.243214
43.299841, 0.186707, 0.240418
43.377970, 0.184172, 0.235623
43.456281, 0.180863, 0.229484
43.534773, 0.177953, 0.223671
43.613447, 0.176068, 0.219095
43.692305, 0.175118, 0.215458
43.771346, 0.174647, 0.212095
43.850572, 0.174320, 0.208743
43.929983, 0.174043, 0.205448
44.009580, 0.173473, 0.201983
44.089363, 0.172021, 0.198020
44.169333, 0.169766, 0.193976
44.249490, 0.167074, 0.190106
44.329836, 0.164260, 0.186224
44.410371, 0.161972, 0.182677
44.491096, 0.160670, 0.179943
44.572011, 0.160243, 0.177997
44.653117, 0.160007, 0.176116
44.734415, 0.159139, 0.173559
44.815905, 0.157798, 0.170712
44.897588, 0.156941, 0.168507
44.979465, 0.157023, 0.167389
45.061537, 0.157608, 0.167051
45.143803, 0.158823, 0.167394
45.226265, 0.161070, 0.168517
45.308924, 0.163367, 0.169526
45.391780, 0.164131, 0.168895
45.474834, 0.163248, 0.166263
45.558087, 0.161883, 0.162784
45.641539, 0.160950, 0.159833
45.725191, 0.160495, 0.157464
45.809044, 0.160783, 0.155427
45.893098, 0.162059, 0.154189
45.977355, 0.163472, 0.153519
46.061814, 0.164211, 0.152598
46.146477, 0.164742, 0.151438
46.231345, 0.166434, 0.151050
46.316418, 0.169774, 0.151988
46.401697, 0.173531, 0.153769
46.487183, 0.176301, 0.155701
46.572876, 0.178070, 0.157266
46.658777, 0.179532, 0.158277
46.744887, 0.180389, 0.158695
46.831207, 0.180002, 0.158453
46.917737, 0.178554, 0.157568
47.004479, 0.176756, 0.156371
47.091432, 0.175090, 0.155164
47.178599, 0.173659, 0.154034
47.265979, 0.173037, 0.153344
47.353573, 0.173937, 0.153578
47.441382, 0.175519, 0.154419
47.529408, 0.176156, 0.155119
47.617650, 0.175720, 0.155429
47.706110, 0.174780, 0.155382
47.794788, 0.173656, 0.155098
47.883685, 0.172264, 0.154517
47.972803, 0.170138, 0.153129
48.062141, 0.167311, 0.150961
48.151701, 0.164440, 0.148923
48.241483, 0.161997, 0.147470
48.331488, 0.160131, 0.146235
48.421718, 0.158855, 0.144917
48.512172, 0.157990, 0.143629
48.602853, 0.157263, 0.142455
48.693760, 0.156685, 0.141372
48.784894, 0.156207, 0.140419
48.876257, 0.155601, 0.139604
48.967849, 0.154814, 0.138875
49.059671, 0.154442, 0.138487
49.151724, 0.154875, 0.138822
49.244009, 0.155587, 0.139798
49.336526, 0.155936, 0.140801
49.429277, 0.155568, 0.141295
49.522263, 0.154539, 0.141056
49.615484, 0.153265, 0.140106
49.708941, 0.152300, 0.138802
49.802635, 0.152261, 0.137910
49.896568, 0.153168, 0.137805
49.990739, 0.154396, 0.138118
50.085150, 0.155346, 0.138447
50.179802, 0.155808, 0.138455
50.274695, 0.155963, 0.138240
50.369832, 0.155445, 0.137713
50.465211, 0.153454, 0.136099
50.560836, 0.150525, 0.133505
50.656705, 0.148095, 0.130960
50.752821, 0.146679, 0.129279
50.849185, 0.145373, 0.128117
50.945796, 0.143620, 0.126809
51.042657, 0.141788, 0.125287
51.139769, 0.140427, 0.123670
51.237131, 0.139738, 0.122371
51.334745, 0.138832, 0.121315
51.432613, 0.136779, 0.119826
51.530735, 0.134070, 0.117810
51.629112, 0.131429, 0.115472
51.727745, 0.129503, 0.113329
51.826635, 0.128859, 0.112107
51.925783, 0.128939, 0.111662
52.025191, 0.128500, 0.111158
52.124858, 0.126990, 0.109912
52.224787, 0.124919, 0.107995
52.324978, 0.123230, 0.106182
52.425432, 0.122743, 0.105156
52.526151, 0.123723, 0.105228
52.627135, 0.125603, 0.106490
52.728385, 0.127252, 0.108410
52.829903, 0.127697, 0.109973
52.931689, 0.126711, 0.110457
53.033744, 0.124887, 0.109812
53.136071, 0.122885, 0.108589
53.238669, 0.120743, 0.106940
53.341539, 0.118648, 0.104926
53.444684, 0.116943, 0.103001
53.548104, 0.115860, 0.101728
53.651799, 0.115592, 0.101545
53.755772, 0.115736, 0.102216
53.860024, 0.115387, 0.102893
53.964554, 0.114682, 0.103377
54.069365, 0.114392, 0.104025
54.174458, 0.114929, 0.105073
54.279834, 0.115879, 0.106543
54.385493, 0.116187, 0.107948
54.491438, 0.115436, 0.108675
54.597669, 0.113808, 0.108502
54.704187, 0.111523, 0.107411
54.810994, 0.109272, 0.105829
54.918091, 0.108295, 0.104983
55.025479, 0.108845, 0.105557
55.133158, 0.109812, 0.107062
55.241131, 0.109679, 0.108023
55.349399, 0.108633, 0.108014
55.457962, 0.107343, 0.107479
55.566823, 0.106187, 0.106826
55.675981, 0.105539, 0.106453
55.785439, 0.105083, 0.106253
55.895197, 0.104232, 0.105610
56.005257, 0.103718, 0.104956
56.115621, 0.104247, 0.105402
56.226289, 0.105173, 0.106831
56.337262, 0.105475, 0.108027
56.448542, 0.105353, 0.108697
56.560131, 0.105186, 0.109362
56.672029, 0.104701, 0.110055
56.784237, 0.103397, 0.110231
56.896758, 0.101308, 0.109559
57.009592, 0.098839, 0.108466
57.122740, 0.096078, 0.106837
57.236205, 0.093588, 0.104647
57.349987, 0.091804, 0.102587
57.464087, 0.090443, 0.100748
57.578508, 0.089652, 0.099423
57.693250, 0.089519, 0.099132
57.808314, 0.089484, 0.099385
57.923703, 0.089214, 0.099491
58.039416, 0.088755, 0.099485
58.155457, 0.087859, 0.099068
58.271826, 0.086751, 0.098159
58.388524, 0.085757, 0.097209
58.505553, 0.084621, 0.096225
58.622915, 0.083459, 0.095178
58.740611, 0.082833, 0.094522
58.858641, 0.082726, 0.094412
58.977009, 0.082774, 0.094805
59.095714, 0.082300, 0.095054
59.214759, 0.080996, 0.094187
59.334145, 0.079500, 0.092542
59.453873, 0.078503, 0.091104
59.573946, 0.077964, 0.090113
59.694364, 0.077859, 0.089663
59.815128, 0.078119, 0.089831
59.936241, 0.078311, 0.090218
60.057704, 0.077792, 0.090008
60.179519, 0.076369, 0.088606
60.301686, 0.075188, 0.087005
60.424208, 0.075038, 0.086397
60.547086, 0.075141, 0.086382
60.670322, 0.074529, 0.085904
60.793917, 0.073403, 0.084758
60.917873, 0.072474, 0.083627
61.042191, 0.071988, 0.082919
61.166872, 0.071862, 0.082657
61.291920, 0.072022, 0.082772
61.417334, 0.072600, 0.083375
61.543117, 0.073365, 0.084432
61.669271, 0.073686, 0.085342
61.795797, 0.073518, 0.085855
61.922696, 0.072744, 0.085846
62.049971, 0.071345, 0.084939
62.177622, 0.070051, 0.083679
62.305653, 0.069240, 0.082745
62.434063, 0.068647, 0.082076
62.562856, 0.067507, 0.080622
62.692032, 0.066181, 0.078560
62.821594, 0.065347, 0.076885
62.951543, 0.065414, 0.076402
63.081882, 0.066081, 0.077128
63.212610, 0.066202, 0.077850
63.343732, 0.065262, 0.077566
63.475247, 0.063969, 0.076576
63.607159, 0.062956, 0.075962
63.739468, 0.061353, 0.074893
63.872177, 0.059242, 0.072777
64.005287, 0.057443, 0.070530
64.138800, 0.056323, 0.069084
64.272719, 0.055464, 0.068232
64.407044, 0.054271, 0.066959
64.541779, 0.053041, 0.065038
64.676924, 0.052776, 0.063991
64.812481, 0.053114, 0.064210
64.948453, 0.053056, 0.064363
65.084841, 0.052776, 0.064254
65.221647, 0.052485, 0.064267
65.358874, 0.052142, 0.064402
65.496523, 0.051630, 0.064205
65.634595, 0.051059, 0.063599
65.773094, 0.050828, 0.063261
65.912021, 0.050928, 0.063486
66.051377, 0.050942, 0.063681
66.191166, 0.050886, 0.063960
66.331388, 0.050482, 0.064053
66.472047, 0.049862, 0.063895
66.613144, 0.049044, 0.063752
66.754680, 0.047824, 0.063120
66.896659, 0.046814, 0.062270
67.039082, 0.046152, 0.061495
67.181952, 0.045628, 0.060778
67.325270, 0.045250, 0.060360
67.469038, 0.044945, 0.060410
67.613259, 0.044608, 0.060881
67.757935, 0.044139, 0.061691
67.903068, 0.043303, 0.061768
68.048660, 0.042637, 0.061505
68.194713, 0.041850, 0.061290
68.341230, 0.040857, 0.061082
68.488212, 0.039804, 0.060934
68.635663, 0.038582, 0.060450
68.783583, 0.037064, 0.059093
68.931976, 0.035703, 0.057292
69.080844, 0.034779, 0.055690
69.230189, 0.034271, 0.054700
69.380013, 0.034007, 0.054365
69.530318, 0.033562, 0.054169
69.681108, 0.032724, 0.053535
69.832383, 0.031941, 0.052595
69.984148, 0.031329, 0.051621
70.136403, 0.030863, 0.051037
70.289152, 0.030410, 0.050878
70.442396, 0.029681, 0.050616
70.596139, 0.028814, 0.050237
70.750382, 0.027918, 0.049825
70.905128, 0.026902, 0.048956
71.060380, 0.025826, 0.047504
71.216140, 0.025005, 0.046303
71.372410, 0.024264, 0.045232
71.529194, 0.023369, 0.043582
71.686492, 0.022433, 0.041514
71.844309, 0.021788, 0.040069
72.002647, 0.021205, 0.038916
72.161508, 0.020815, 0.037782
72.320895, 0.020694, 0.037187
72.480810, 0.020526, 0.036725
72.641256, 0.020222, 0.036012
72.802236, 0.019678, 0.035006
72.963753, 0.018769, 0.033308
73.125808, 0.017885, 0.031380
73.288406, 0.017282, 0.029857
73.451548, 0.016824, 0.028692
73.615237, 0.016450, 0.027901
73.779476, 0.015992, 0.027029
73.944268, 0.015395, 0.026035
74.109615, 0.014424, 0.024454
74.275521, 0.013310, 0.022325
74.441989, 0.012438, 0.020460
74.609020, 0.011880, 0.019156
74.776618, 0.011620, 0.018345
74.944786, 0.011424, 0.017724
75.113527, 0.011168, 0.017136
75.282844, 0.011024, 0.016768
75.452739, 0.011076, 0.016651
75.623216, 0.011109, 0.016514
75.794277, 0.010932, 0.016176
75.965926, 0.010615, 0.015622
76.138166, 0.010209, 0.014912
76.310999, 0.009790, 0.014209
76.484429, 0.009311, 0.013406
76.658460, 0.008753, 0.012499
76.833093, 0.008324, 0.011808
77.008332, 0.008049, 0.011397
77.184180, 0.007826, 0.011055
77.360642, 0.007551, 0.010649
77.537718, 0.007104, 0.010045
77.715414, 0.006673, 0.009470
77.893732, 0.006362, 0.009020
78.072675, 0.006164, 0.008660
78.252247, 0.006033, 0.008361
78.432451, 0.005958, 0.008205
78.613290, 0.005901, 0.008122
78.794769, 0.005751, 0.007896
78.976889, 0.005524, 0.007563
79.159655, 0.005387, 0.007351
79.343070, 0.005295, 0.007199
79.527137, 0.005273, 0.007131
79.711861, 0.005257, 0.007086
79.897244, 0.005207, 0.007006
80.083289, 0.005028, 0.006753
80.270002, 0.004883, 0.006531
80.457385, 0.004813, 0.006411
80.645441, 0.004701, 0.006216
80.834175, 0.004550, 0.005949
81.023590, 0.004324, 0.005594
81.213689, 0.004198, 0.005388
81.404478, 0.004249, 0.005419
81.595958, 0.004200, 0.005328
81.788134, 0.003883, 0.004902
81.981011, 0.003611, 0.004522
82.174591, 0.003498, 0.004342
82.368878, 0.003301, 0.004073
82.563877, 0.002948, 0.003619
82.759591, 0.002574, 0.003142
82.956025, 0.002457, 0.002987
83.153181, 0.002492, 0.003029
83.351065, 0.002347, 0.002864
83.549680, 0.002081, 0.002545
83.749031, 0.001919, 0.002350
83.949120, 0.001864, 0.002279
84.149954, 0.001791, 0.002179
84.351535, 0.001622, 0.001962
84.553868, 0.001387, 0.001654
84.756957, 0.001178, 0.001381
84.960806, 0.001039, 0.001203
85.165420, 0.000941, 0.001079
85.370803, 0.000859, 0.000977
85.576959, 0.000795, 0.000897
85.783893, 0.000754, 0.000845
85.991609, 0.000726, 0.000810
86.200111, 0.000704, 0.000782
86.409404, 0.000686, 0.000760
86.619493, 0.000670, 0.000740
86.830382, 0.000656, 0.000722
87.042075, 0.000643, 0.000706
87.254578, 0.000631, 0.000691
87.467894, 0.000621, 0.000678
87.682029, 0.000611, 0.000666
87.896987, 0.000601, 0.000655
88.112773, 0.000592, 0.000644
