# energy, eels_NLFC_w, eels_LFC_w
0.000000, -0.000000, 0.000000
0.010004, 0.000035, 0.000034
0.020017, 0.000070, 0.000069
0.030037, 0.000105, 0.000103
0.040066, 0.000140, 0.000137
0.050104, 0.000175, 0.000172
0.060149, 0.000210, 0.000206
0.070204, 0.000245, 0.000241
0.080266, 0.000280, 0.000275
0.090337, 0.000315, 0.000310
0.100416, 0.000350, 0.000344
0.110503, 0.000386, 0.000379
0.120599, 0.000421, 0.000414
0.130704, 0.000456, 0.000449
0.140817, 0.000492, 0.000484
0.150938, 0.000527, 0.000519
0.161067, 0.000563, 0.000554
0.171206, 0.000599, 0.000589
0.181352, 0.000635, 0.000624
0.191507, 0.000671, 0.000659
0.201671, 0.000707, 0.000695
0.211843, 0.000743, 0.000730
0.222023, 0.000779, 0.000766
0.232212, 0.000815, 0.000801
0.242410, 0.000852, 0.000837
0.252616, 0.000888, 0.000873
0.262831, 0.000925, 0.000909
0.273054, 0.000961, 0.000945
0.283286, 0.000998, 0.000981
0.293526, 0.001035, 0.001018
0.303775, 0.001072, 0.001054
0.314032, 0.001110, 0.001091
0.324299, 0.001147, 0.001127
0.334573, 0.001185, 0.001164
0.344857, 0.001222, 0.001201
0.355149, 0.001260, 0.001238
0.365449, 0.001298, 0.001276
0.375759, 0.001336, 0.001313
0.386077, 0.001375, 0.001351
0.396404, 0.001413, 0.001388
0.406739, 0.001452, 0.001426
0.417083, 0.001491, 0.001464
0.427436, 0.001530, 0.001503
0.437798, 0.001569, 0.001541
0.448168, 0.001608, 0.001580
0.458547, 0.001648, 0.001619
0.468935, 0.001688, 0.001658
0.479332, 0.001728, 0.001697
0.489737, 0.001768, 0.001736
0.500151, 0.001808, 0.001776
0.510574, 0.001849, 0.001816
0.521006, 0.001890, 0.001856
0.531447, 0.001931, 0.001896
0.541896, 0.001972, 0.001937
0.552355, 0.002014, 0.001978
0.562822, 0.002056, 0.002019
0.573298, 0.002098, 0.002060
0.583783, 0.002141, 0.002102
0.594277, 0.002184, 0.002144
0.604780, 0.002227, 0.002186
0.615292, 0.002270, 0.002228
0.625812, 0.002314, 0.002271
0.636342, 0.002358, 0.002314
0.646881, 0.002402, 0.002357
0.657428, 0.002447, 0.002401
0.667985, 0.002491, 0.002445
0.678550, 0.002537, 0.002489
0.689125, 0.002582, 0.002534
0.699708, 0.002629, 0.002579
0.710301, 0.002675, 0.002624
0.720903, 0.002722, 0.002670
0.731513, 0.002769, 0.002716
0.742133, 0.002817, 0.002763
0.752762, 0.002865, 0.002809
0.763400, 0.002913, 0.002857
0.774047, 0.002962, 0.002905
0.784703, 0.003011, 0.002953
0.795368, 0.003061, 0.003001
0.806042, 0.003112, 0.003050
0.816726, 0.003163, 0.003100
0.827418, 0.003214, 0.003150
0.838120, 0.003266, 0.003201
0.848831, 0.003318, 0.003252
0.859551, 0.003371, 0.003303
0.870280, 0.003425, 0.003356
0.881019, 0.003479, 0.003408
0.891767, 0.003534, 0.003462
0.902524, 0.003589, 0.003516
0.913290, 0.003645, 0.003570
0.924066, 0.003702, 0.003625
0.934850, 0.003759, 0.003681
0.945645, 0.003817, 0.003738
0.956448, 0.003876, 0.003795
0.967261, 0.003936, 0.003853
0.978083, 0.003996, 0.003911
0.988914, 0.004057, 0.003971
0.999755, 0.004119, 0.004031
1.010605, 0.004182, 0.004092
1.021464, 0.004246, 0.004154
1.032333, 0.004310, 0.004217
1.043211, 0.004376, 0.004280
1.054099, 0.004443, 0.004345
1.064996, 0.004510, 0.004410
1.075902, 0.004579, 0.004477
1.086818, 0.004649, 0.004544
1.097744, 0.004720, 0.004613
1.108678, 0.004792, 0.004683
1.119623, 0.004865, 0.004754
1.130576, 0.004939, 0.004826
1.141540, 0.005015, 0.004899
1.152512, 0.005092, 0.004974
1.163495, 0.005171, 0.005050
1.174487, 0.005251, 0.005127
1.185488, 0.005333, 0.005206
1.196499, 0.005416, 0.005286
1.207520, 0.005501, 0.005368
1.218550, 0.005588, 0.005452
1.229590, 0.005676, 0.005537
1.240639, 0.005766, 0.005624
1.251698, 0.005859, 0.005713
1.262767, 0.005953, 0.005804
1.273845, 0.006050, 0.005897
1.284933, 0.006149, 0.005992
1.296031, 0.006250, 0.006089
1.307138, 0.006354, 0.006189
1.318255, 0.006460, 0.006291
1.329382, 0.006570, 0.006396
1.340518, 0.006682, 0.006504
1.351664, 0.006797, 0.006614
1.362820, 0.006916, 0.006728
1.373986, 0.007037, 0.006844
1.385162, 0.007163, 0.006964
1.396347, 0.007292, 0.007088
1.407542, 0.007425, 0.007215
1.418747, 0.007563, 0.007347
1.429962, 0.007705, 0.007482
1.441186, 0.007851, 0.007622
1.452421, 0.008003, 0.007767
1.463665, 0.008159, 0.007916
1.474920, 0.008322, 0.008071
1.486184, 0.008490, 0.008231
1.497458, 0.008664, 0.008397
1.508742, 0.008844, 0.008569
1.520036, 0.009032, 0.008747
1.531339, 0.009226, 0.008932
1.542653, 0.009428, 0.009124
1.553977, 0.009637, 0.009323
1.565311, 0.009854, 0.009529
1.576655, 0.010079, 0.009744
1.588008, 0.010312, 0.009966
1.599372, 0.010554, 0.010197
1.610746, 0.010805, 0.010436
1.622130, 0.011064, 0.010683
1.633524, 0.011332, 0.010940
1.644928, 0.011608, 0.011205
1.656342, 0.011893, 0.011478
1.667767, 0.012187, 0.011761
1.679201, 0.012489, 0.012052
1.690646, 0.012799, 0.012352
1.702100, 0.013117, 0.012660
1.713565, 0.013442, 0.012975
1.725040, 0.013775, 0.013299
1.736525, 0.014114, 0.013630
1.748021, 0.014460, 0.013967
1.759526, 0.014813, 0.014312
1.771042, 0.015171, 0.014663
1.782568, 0.015536, 0.015019
1.794105, 0.015906, 0.015382
1.805651, 0.016283, 0.015750
1.817208, 0.016666, 0.016124
1.828776, 0.017055, 0.016503
1.840353, 0.017451, 0.016889
1.851941, 0.017854, 0.017280
1.863539, 0.018264, 0.017677
1.875148, 0.018682, 0.018081
1.886767, 0.019108, 0.018492
1.898396, 0.019542, 0.018910
1.910036, 0.019985, 0.019335
1.921686, 0.020437, 0.019768
1.933346, 0.020898, 0.020208
1.945017, 0.021369, 0.020658
1.956699, 0.021850, 0.021116
1.968391, 0.022343, 0.021583
1.980093, 0.022847, 0.022061
1.991806, 0.023365, 0.022549
2.003529, 0.023896, 0.023049
2.015263, 0.024443, 0.023562
2.027008, 0.025006, 0.024088
2.038763, 0.025586, 0.024629
2.050528, 0.026185, 0.025186
2.062305, 0.026804, 0.025759
2.074091, 0.027443, 0.026350
2.085889, 0.028102, 0.026960
2.097697, 0.028781, 0.027587
2.109515, 0.029480, 0.028233
2.121344, 0.030198, 0.028896
2.133184, 0.030934, 0.029577
2.145035, 0.031686, 0.030273
2.156896, 0.032453, 0.030984
2.168768, 0.033234, 0.031709
2.180651, 0.034028, 0.032447
2.192545, 0.034835, 0.033197
2.204449, 0.035654, 0.033960
2.216364, 0.036485, 0.034735
2.228289, 0.037329, 0.035522
2.240226, 0.038186, 0.036321
2.252173, 0.039056, 0.037134
2.264132, 0.039940, 0.037959
2.276101, 0.040838, 0.038797
2.288081, 0.041750, 0.039646
2.300071, 0.042674, 0.040507
2.312073, 0.043610, 0.041378
2.324086, 0.044557, 0.042257
2.336109, 0.045513, 0.043143
2.348143, 0.046475, 0.044034
2.360189, 0.047444, 0.044930
2.372245, 0.048416, 0.045828
2.384312, 0.049390, 0.046728
2.396391, 0.050365, 0.047629
2.408480, 0.051340, 0.048531
2.420580, 0.052313, 0.049434
2.432691, 0.053284, 0.050338
2.444814, 0.054253, 0.051243
2.456947, 0.055218, 0.052149
2.469092, 0.056181, 0.053058
2.481247, 0.057143, 0.053969
2.493414, 0.058102, 0.054884
2.505592, 0.059062, 0.055804
2.517781, 0.060023, 0.056729
2.529981, 0.060988, 0.057661
2.542192, 0.061957, 0.058601
2.554415, 0.062932, 0.059550
2.566649, 0.063915, 0.060510
2.578894, 0.064907, 0.061480
2.591150, 0.065909, 0.062462
2.603417, 0.066920, 0.063454
2.615696, 0.067942, 0.064456
2.627986, 0.068973, 0.065468
2.640287, 0.070013, 0.066487
2.652600, 0.071061, 0.067513
2.664923, 0.072116, 0.068545
2.677259, 0.073177, 0.069581
2.689605, 0.074241, 0.070618
2.701963, 0.075305, 0.071655
2.714332, 0.076368, 0.072688
2.726713, 0.077423, 0.073715
2.739105, 0.078466, 0.074730
2.751509, 0.079490, 0.075728
2.763924, 0.080486, 0.076701
2.776351, 0.081445, 0.077643
2.788789, 0.082360, 0.078544
2.801238, 0.083219, 0.079397
2.813699, 0.084016, 0.080194
2.826172, 0.084742, 0.080927
2.838656, 0.085392, 0.081592
2.851151, 0.085962, 0.082184
2.863659, 0.086451, 0.082702
2.876177, 0.086861, 0.083146
2.888708, 0.087197, 0.083521
2.901250, 0.087466, 0.083831
2.913804, 0.087677, 0.084085
2.926369, 0.087843, 0.084294
2.938946, 0.087976, 0.084469
2.951535, 0.088090, 0.084621
2.964135, 0.088198, 0.084762
2.976747, 0.088309, 0.084903
2.989371, 0.088435, 0.085052
3.002007, 0.088583, 0.085217
3.014654, 0.088757, 0.085404
3.027314, 0.088961, 0.085615
3.039985, 0.089196, 0.085853
3.052668, 0.089460, 0.086117
3.065362, 0.089750, 0.086405
3.078069, 0.090062, 0.086713
3.090787, 0.090388, 0.087036
3.103518, 0.090721, 0.087366
3.116260, 0.091052, 0.087696
3.129014, 0.091372, 0.088018
3.141780, 0.091673, 0.088324
3.154558, 0.091948, 0.088608
3.167348, 0.092192, 0.088865
3.180150, 0.092401, 0.089090
3.192965, 0.092572, 0.089280
3.205791, 0.092705, 0.089436
3.218629, 0.092801, 0.089556
3.231479, 0.092862, 0.089642
3.244341, 0.092890, 0.089696
3.257215, 0.092888, 0.089721
3.270102, 0.092860, 0.089718
3.283001, 0.092812, 0.089694
3.295911, 0.092749, 0.089651
3.308834, 0.092675, 0.089596
3.321769, 0.092599, 0.089535
3.334716, 0.092527, 0.089473
3.347676, 0.092464, 0.089418
3.360648, 0.092416, 0.089373
3.373632, 0.092387, 0.089345
3.386628, 0.092382, 0.089335
3.399636, 0.092401, 0.089348
3.412657, 0.092446, 0.089383
3.425690, 0.092515, 0.089441
3.438736, 0.092609, 0.089522
3.451793, 0.092726, 0.089624
3.464864, 0.092864, 0.089747
3.477946, 0.093021, 0.089890
3.491041, 0.093197, 0.090051
3.504149, 0.093390, 0.090229
3.517268, 0.093599, 0.090423
3.530401, 0.093824, 0.090633
3.543545, 0.094066, 0.090857
3.556703, 0.094324, 0.091094
3.569872, 0.094598, 0.091344
3.583055, 0.094887, 0.091605
3.596250, 0.095190, 0.091876
3.609457, 0.095507, 0.092154
3.622677, 0.095834, 0.092437
3.635910, 0.096170, 0.092723
3.649155, 0.096513, 0.093010
3.662413, 0.096862, 0.093296
3.675683, 0.097216, 0.093583
3.688966, 0.097576, 0.093869
3.702262, 0.097941, 0.094155
3.715571, 0.098313, 0.094443
3.728892, 0.098692, 0.094732
3.742226, 0.099077, 0.095024
3.755573, 0.099466, 0.095317
3.768933, 0.099859, 0.095611
3.782305, 0.100252, 0.095904
3.795690, 0.100643, 0.096194
3.809088, 0.101030, 0.096483
3.822499, 0.101412, 0.096768
3.835923, 0.101787, 0.097052
3.849360, 0.102156, 0.097333
3.862809, 0.102517, 0.097613
3.876272, 0.102871, 0.097891
3.889747, 0.103217, 0.098167
3.903236, 0.103554, 0.098440
3.916737, 0.103880, 0.098708
3.930252, 0.104195, 0.098969
3.943779, 0.104495, 0.099220
3.957320, 0.104779, 0.099460
3.970873, 0.105045, 0.099687
3.984440, 0.105290, 0.099897
3.998020, 0.105512, 0.100090
4.011613, 0.105708, 0.100263
4.025219, 0.105876, 0.100413
4.038838, 0.106016, 0.100540
4.052470, 0.106125, 0.100642
4.066116, 0.106205, 0.100718
4.079774, 0.106257, 0.100770
4.093446, 0.106286, 0.100800
4.107132, 0.106295, 0.100812
4.120830, 0.106291, 0.100809
4.134542, 0.106279, 0.100797
4.148267, 0.106268, 0.100781
4.162005, 0.106263, 0.100766
4.175757, 0.106271, 0.100756
4.189522, 0.106297, 0.100755
4.203301, 0.106346, 0.100766
4.217093, 0.106422, 0.100794
4.230898, 0.106529, 0.100840
4.244717, 0.106672, 0.100909
4.258550, 0.106852, 0.101005
4.272395, 0.107074, 0.101133
4.286255, 0.107342, 0.101297
4.300127, 0.107660, 0.101505
4.314014, 0.108032, 0.101762
4.327914, 0.108462, 0.102074
4.341827, 0.108954, 0.102449
4.355754, 0.109511, 0.102890
4.369695, 0.110137, 0.103402
4.383650, 0.110835, 0.103989
4.397618, 0.111606, 0.104653
4.411599, 0.112452, 0.105395
4.425595, 0.113374, 0.106216
4.439604, 0.114372, 0.107116
4.453627, 0.115445, 0.108092
4.467664, 0.116590, 0.109143
4.481714, 0.117802, 0.110263
4.495779, 0.119075, 0.111447
4.509857, 0.120398, 0.112687
4.523949, 0.121762, 0.113976
4.538054, 0.123154, 0.115305
4.552174, 0.124561, 0.116664
4.566308, 0.125969, 0.118043
4.580455, 0.127367, 0.119435
4.594617, 0.128741, 0.120831
4.608792, 0.130083, 0.122222
4.622982, 0.131381, 0.123600
4.637185, 0.132626, 0.124959
4.651403, 0.133811, 0.126290
4.665635, 0.134926, 0.127586
4.679880, 0.135965, 0.128841
4.694140, 0.136920, 0.130047
4.708414, 0.137785, 0.131199
4.722702, 0.138553, 0.132292
4.737004, 0.139223, 0.133323
4.751320, 0.139791, 0.134287
4.765651, 0.140258, 0.135184
4.779996, 0.140626, 0.136011
4.794355, 0.140899, 0.136767
4.808728, 0.141080, 0.137451
4.823116, 0.141176, 0.138063
4.837517, 0.141192, 0.138603
4.851934, 0.141136, 0.139070
4.866364, 0.141017, 0.139468
4.880809, 0.140843, 0.139798
4.895268, 0.140626, 0.140065
4.909742, 0.140376, 0.140275
4.924230, 0.140107, 0.140435
4.938733, 0.139831, 0.140553
4.953250, 0.139561, 0.140640
4.967782, 0.139309, 0.140706
4.982328, 0.139085, 0.140761
4.996889, 0.138896, 0.140815
5.011464, 0.138747, 0.140876
5.026054, 0.138639, 0.140951
5.040658, 0.138574, 0.141048
5.055277, 0.138550, 0.141170
5.069911, 0.138566, 0.141323
5.084559, 0.138619, 0.141507
5.099222, 0.138706, 0.141723
5.113900, 0.138820, 0.141970
5.128593, 0.138955, 0.142244
5.143300, 0.139103, 0.142539
5.158022, 0.139256, 0.142846
5.172759, 0.139404, 0.143157
5.187511, 0.139542, 0.143463
5.202277, 0.139664, 0.143757
5.217059, 0.139768, 0.144034
5.231855, 0.139852, 0.144289
5.246667, 0.139918, 0.144520
5.261493, 0.139967, 0.144726
5.276334, 0.140001, 0.144909
5.291190, 0.140023, 0.145069
5.306062, 0.140036, 0.145208
5.320948, 0.140043, 0.145330
5.335849, 0.140047, 0.145437
5.350766, 0.140053, 0.145535
5.365697, 0.140067, 0.145629
5.380644, 0.140095, 0.145725
5.395605, 0.140145, 0.145831
5.410582, 0.140227, 0.145955
5.425575, 0.140351, 0.146105
5.440582, 0.140526, 0.146290
5.455604, 0.140765, 0.146522
5.470642, 0.141078, 0.146811
5.485696, 0.141478, 0.147168
5.500764, 0.141973, 0.147604
5.515848, 0.142572, 0.148128
5.530947, 0.143278, 0.148748
5.546062, 0.144091, 0.149464
5.561191, 0.145005, 0.150278
5.576337, 0.146014, 0.151182
5.591498, 0.147104, 0.152169
5.606674, 0.148265, 0.153228
5.621866, 0.149485, 0.154349
5.637073, 0.150754, 0.155521
5.652296, 0.152066, 0.156736
5.667534, 0.153416, 0.157990
5.682789, 0.154801, 0.159276
5.698058, 0.156218, 0.160593
5.713343, 0.157665, 0.161935
5.728644, 0.159136, 0.163297
5.743961, 0.160623, 0.164670
5.759294, 0.162117, 0.166042
5.774642, 0.163604, 0.167402
5.790006, 0.165073, 0.168734
5.805385, 0.166512, 0.170027
5.820781, 0.167913, 0.171272
5.836192, 0.169273, 0.172466
5.851619, 0.170594, 0.173610
5.867062, 0.171884, 0.174711
5.882521, 0.173153, 0.175782
5.897996, 0.174416, 0.176835
5.913487, 0.175689, 0.177889
5.928994, 0.176994, 0.178962
5.944517, 0.178350, 0.180074
5.960056, 0.179784, 0.181247
5.975611, 0.181323, 0.182508
5.991182, 0.182996, 0.183884
6.006769, 0.184833, 0.185401
6.022372, 0.186865, 0.187089
6.037992, 0.189119, 0.188974
6.053627, 0.191622, 0.191083
6.069279, 0.194396, 0.193437
6.084947, 0.197458, 0.196058
6.100632, 0.200821, 0.198961
6.116332, 0.204489, 0.202155
6.132049, 0.208459, 0.205643
6.147782, 0.212715, 0.209417
6.163532, 0.217231, 0.213457
6.179298, 0.221965, 0.217728
6.195081, 0.226865, 0.222185
6.210879, 0.231870, 0.226771
6.226695, 0.236916, 0.231424
6.242527, 0.241940, 0.236083
6.258375, 0.246890, 0.240694
6.274240, 0.251726, 0.245217
6.290121, 0.256427, 0.249623
6.306019, 0.260984, 0.253899
6.321934, 0.265403, 0.258046
6.337865, 0.269695, 0.262066
6.353813, 0.273875, 0.265969
6.369778, 0.277957, 0.269761
6.385759, 0.281960, 0.273455
6.401758, 0.285911, 0.277070
6.417773, 0.289848, 0.280636
6.433804, 0.293825, 0.284199
6.449853, 0.297906, 0.287818
6.465918, 0.302166, 0.291562
6.482001, 0.306676, 0.295500
6.498100, 0.311499, 0.299697
6.514216, 0.316682, 0.304202
6.530349, 0.322251, 0.309050
6.546499, 0.328218, 0.314253
6.562666, 0.334574, 0.319811
6.578850, 0.341307, 0.325712
6.595052, 0.348401, 0.331941
6.611270, 0.355846, 0.338486
6.627505, 0.363640, 0.345342
6.643758, 0.371792, 0.352515
6.660028, 0.380320, 0.360021
6.676315, 0.389244, 0.367881
6.692619, 0.398586, 0.376125
6.708940, 0.408360, 0.384776
6.725279, 0.418573, 0.393856
6.741635, 0.429213, 0.403374
6.758009, 0.440256, 0.413326
6.774399, 0.451660, 0.423693
6.790808, 0.463361, 0.434437
6.807233, 0.475281, 0.445502
6.823676, 0.487320, 0.456812
6.840137, 0.499361, 0.468271
6.856615, 0.511280, 0.479769
6.873111, 0.522952, 0.491192
6.889624, 0.534267, 0.502430
6.906154, 0.545144, 0.513392
6.922703, 0.555546, 0.524018
6.939269, 0.565482, 0.534291
6.955853, 0.575005, 0.544228
6.972454, 0.584201, 0.553883
6.989073, 0.593170, 0.563325
7.005710, 0.602009, 0.572630
7.022365, 0.610799, 0.581865
7.039037, 0.619605, 0.591082
7.055728, 0.628475, 0.600324
7.072436, 0.637457, 0.609632
7.089162, 0.646610, 0.619058
7.105906, 0.656016, 0.628677
7.122668, 0.665780, 0.638590
7.139448, 0.676021, 0.648923
7.156246, 0.686859, 0.659808
7.173062, 0.698389, 0.671367
7.189897, 0.710675, 0.683698
7.206749, 0.723739, 0.696860
7.223619, 0.737565, 0.710879
7.240508, 0.752116, 0.725755
7.257415, 0.767344, 0.741479
7.274340, 0.783194, 0.758038
7.291283, 0.799604, 0.775422
7.308245, 0.816494, 0.793614
7.325225, 0.833747, 0.812579
7.342223, 0.851199, 0.832245
7.359239, 0.868623, 0.852489
7.376274, 0.885732, 0.873124
7.393328, 0.902186, 0.893898
7.410400, 0.917611, 0.914494
7.427490, 0.931623, 0.934554
7.444599, 0.943860, 0.953693
7.461727, 0.954006, 0.971530
7.478873, 0.961813, 0.987713
7.496037, 0.967125, 1.001944
7.513221, 0.969882, 1.014006
7.530423, 0.970130, 1.023772
7.547643, 0.968002, 1.031217
7.564883, 0.963687, 1.036388
7.582141, 0.957391, 1.039384
7.599418, 0.949304, 1.040303
7.616714, 0.939570, 1.039219
7.634029, 0.928287, 1.036151
7.651362, 0.915522, 1.031080
7.668715, 0.901342, 1.023966
7.686086, 0.885847, 1.014793
7.703477, 0.869193, 1.003612
7.720886, 0.851596, 0.990564
7.738314, 0.833318, 0.975883
7.755762, 0.814638, 0.959872
7.773229, 0.795811, 0.942859
7.790715, 0.777046, 0.925156
7.808220, 0.758490, 0.907019
7.825744, 0.740229, 0.888642
7.843287, 0.722313, 0.870161
7.860850, 0.704778, 0.851682
7.878432, 0.687668, 0.833309
7.896033, 0.671052, 0.815166
7.913654, 0.655016, 0.797401
7.931294, 0.639649, 0.780174
7.948953, 0.625021, 0.763636
7.966632, 0.611164, 0.747894
7.984331, 0.598055, 0.732993
8.002049, 0.585620, 0.718904
8.019786, 0.573739, 0.705531
8.037543, 0.562273, 0.692729
8.055320, 0.551078, 0.680329
8.073117, 0.540027, 0.668164
8.090933, 0.529017, 0.656082
8.108768, 0.517967, 0.643954
8.126624, 0.506809, 0.631663
8.144499, 0.495483, 0.619106
8.162394, 0.483927, 0.606176
8.180309, 0.472077, 0.592771
8.198244, 0.459877, 0.578792
8.216199, 0.447281, 0.564162
8.234174, 0.434272, 0.548834
8.252168, 0.420874, 0.532813
8.270183, 0.407157, 0.516172
8.288218, 0.393243, 0.499050
8.306273, 0.379296, 0.481652
8.324348, 0.365502, 0.464228
8.342443, 0.352050, 0.447040
8.360558, 0.339104, 0.430330
8.378694, 0.326790, 0.414299
8.396849, 0.315186, 0.399083
8.415025, 0.304322, 0.384753
8.433222, 0.294185, 0.371322
8.451438, 0.284735, 0.358761
8.469676, 0.275914, 0.347008
8.487933, 0.267658, 0.335992
8.506211, 0.259904, 0.325640
8.524509, 0.252596, 0.315884
8.542828, 0.245685, 0.306660
8.561168, 0.239124, 0.297911
8.579528, 0.232866, 0.289578
8.597909, 0.226863, 0.281599
8.616310, 0.221068, 0.273914
8.634732, 0.215438, 0.266468
8.653175, 0.209942, 0.259217
8.671639, 0.204563, 0.252138
8.690123, 0.199300, 0.245228
8.708629, 0.194165, 0.238499
8.727155, 0.189177, 0.231975
8.745702, 0.184356, 0.225680
8.764270, 0.179718, 0.219636
8.782859, 0.175276, 0.213856
8.801469, 0.171032, 0.208345
8.820100, 0.166983, 0.203097
8.838752, 0.163121, 0.198101
8.857425, 0.159433, 0.193339
8.876119, 0.155907, 0.188794
8.894835, 0.152529, 0.184447
8.913572, 0.149285, 0.180280
8.932330, 0.146159, 0.176273
8.951109, 0.143134, 0.172406
8.969910, 0.140190, 0.168655
8.988732, 0.137307, 0.164993
9.007575, 0.134461, 0.161390
9.026440, 0.131630, 0.157818
9.045327, 0.128798, 0.154253
9.064235, 0.125956, 0.150682
9.083164, 0.123104, 0.147101
9.102115, 0.120248, 0.143519
9.121088, 0.117402, 0.139951
9.140082, 0.114580, 0.136417
9.159098, 0.111797, 0.132934
9.178136, 0.109062, 0.129516
9.197196, 0.106379, 0.126170
9.216277, 0.103748, 0.122896
9.235380, 0.101168, 0.119691
9.254506, 0.098639, 0.116552
9.273653, 0.096161, 0.113479
9.292822, 0.093739, 0.110473
9.312013, 0.091382, 0.107541
9.331226, 0.089098, 0.104693
9.350461, 0.086898, 0.101942
9.369719, 0.084789, 0.099298
9.388998, 0.082779, 0.096770
9.408300, 0.080871, 0.094365
9.427624, 0.079065, 0.092082
9.446970, 0.077359, 0.089921
9.466338, 0.075748, 0.087876
9.485729, 0.074226, 0.085938
9.505142, 0.072787, 0.084102
9.524578, 0.071426, 0.082358
9.544036, 0.070139, 0.080703
9.563517, 0.068922, 0.079133
9.583020, 0.067773, 0.077647
9.602546, 0.066689, 0.076245
9.622094, 0.065668, 0.074923
9.641665, 0.064703, 0.073677
9.661259, 0.063786, 0.072498
9.680875, 0.062909, 0.071376
9.700515, 0.062063, 0.070299
9.720177, 0.061239, 0.069258
9.739862, 0.060434, 0.068246
9.759570, 0.059645, 0.067261
9.779300, 0.058874, 0.066301
9.799054, 0.058121, 0.065368
9.818831, 0.057387, 0.064461
9.838631, 0.056670, 0.063580
9.858454, 0.055966, 0.062717
9.878300, 0.055268, 0.061867
9.898169, 0.054571, 0.061022
9.918061, 0.053869, 0.060175
9.937977, 0.053162, 0.059324
9.957916, 0.052449, 0.058469
9.977879, 0.051733, 0.057613
9.997865, 0.051018, 0.056760
10.017874, 0.050307, 0.055914
10.037906, 0.049605, 0.055079
10.057963, 0.048913, 0.054257
10.078042, 0.048236, 0.053451
10.098146, 0.047577, 0.052664
10.118273, 0.046940, 0.051900
10.138423, 0.046331, 0.051165
10.158598, 0.045752, 0.050465
10.178796, 0.045209, 0.049803
10.199018, 0.044705, 0.049183
10.219264, 0.044239, 0.048607
10.239533, 0.043810, 0.048073
10.259827, 0.043414, 0.047576
10.280144, 0.043046, 0.047111
10.300486, 0.042701, 0.046673
10.320852, 0.042376, 0.046255
10.341241, 0.042070, 0.045856
10.361655, 0.041783, 0.045477
10.382093, 0.041519, 0.045118
10.402555, 0.041280, 0.044784
10.423042, 0.041071, 0.044479
10.443553, 0.040896, 0.044208
10.464088, 0.040758, 0.043974
10.484648, 0.040658, 0.043779
10.505232, 0.040593, 0.043620
10.525840, 0.040558, 0.043490
10.546473, 0.040544, 0.043382
10.567131, 0.040539, 0.043280
10.587813, 0.040532, 0.043172
10.608520, 0.040510, 0.043045
10.629252, 0.040464, 0.042890
10.650008, 0.040390, 0.042702
10.670789, 0.040288, 0.042481
10.691595, 0.040160, 0.042235
10.712426, 0.040014, 0.041973
10.733282, 0.039859, 0.041707
10.754163, 0.039703, 0.041449
10.775069, 0.039555, 0.041207
10.796000, 0.039419, 0.040989
10.816956, 0.039301, 0.040799
10.837937, 0.039204, 0.040640
10.858943, 0.039132, 0.040513
10.879975, 0.039086, 0.040418
10.901032, 0.039069, 0.040354
10.922114, 0.039082, 0.040323
10.943222, 0.039127, 0.040323
10.964355, 0.039207, 0.040356
10.985513, 0.039322, 0.040423
11.006697, 0.039476, 0.040527
11.027907, 0.039672, 0.040668
11.049142, 0.039911, 0.040850
11.070403, 0.040198, 0.041074
11.091689, 0.040533, 0.041342
11.113002, 0.040919, 0.041653
11.134340, 0.041358, 0.042008
11.155704, 0.041855, 0.042408
11.177094, 0.042412, 0.042855
11.198510, 0.043035, 0.043350
11.219951, 0.043727, 0.043894
11.241419, 0.044492, 0.044490
11.262913, 0.045332, 0.045136
11.284433, 0.046243, 0.045831
11.305979, 0.047223, 0.046568
11.327552, 0.048264, 0.047341
11.349150, 0.049358, 0.048144
11.370775, 0.050494, 0.048972
11.392427, 0.051663, 0.049818
11.414105, 0.052855, 0.050681
11.435809, 0.054059, 0.051556
11.457540, 0.055267, 0.052443
11.479297, 0.056468, 0.053340
11.501081, 0.057651, 0.054243
11.522892, 0.058801, 0.055147
11.544729, 0.059902, 0.056041
11.566593, 0.060936, 0.056913
11.588484, 0.061889, 0.057749
11.610402, 0.062752, 0.058540
11.632346, 0.063528, 0.059279
11.654318, 0.064225, 0.059967
11.676317, 0.064859, 0.060610
11.698342, 0.065453, 0.061217
11.720395, 0.066031, 0.061807
11.742475, 0.066621, 0.062397
11.764582, 0.067251, 0.063009
11.786717, 0.067941, 0.063663
11.808878, 0.068703, 0.064375
11.831067, 0.069542, 0.065155
11.853284, 0.070455, 0.066004
11.875528, 0.071434, 0.066922
11.897799, 0.072471, 0.067902
11.920098, 0.073562, 0.068940
11.942425, 0.074710, 0.070033
11.964779, 0.075927, 0.071185
11.987161, 0.077229, 0.072401
12.009571, 0.078639, 0.073697
12.032008, 0.080181, 0.075088
12.054474, 0.081879, 0.076592
12.076967, 0.083746, 0.078223
12.099488, 0.085783, 0.079982
12.122038, 0.087963, 0.081850
12.144615, 0.090236, 0.083789
12.167221, 0.092523, 0.085737
12.189854, 0.094732, 0.087623
12.212516, 0.096770, 0.089371
12.235207, 0.098557, 0.090918
12.257925, 0.100043, 0.092220
12.280672, 0.101210, 0.093260
12.303448, 0.102073, 0.094046
12.326252, 0.102674, 0.094611
12.349084, 0.103076, 0.095002
12.371945, 0.103351, 0.095279
12.394835, 0.103566, 0.095499
12.417754, 0.103780, 0.095711
12.440701, 0.104030, 0.095950
12.463677, 0.104326, 0.096227
12.486682, 0.104654, 0.096532
12.509716, 0.104985, 0.096843
12.532779, 0.105292, 0.097138
12.555871, 0.105571, 0.097410
12.578992, 0.105854, 0.097685
12.602142, 0.106211, 0.098017
12.625321, 0.106731, 0.098482
12.648530, 0.107500, 0.099155
12.671768, 0.108580, 0.100091
12.695035, 0.109996, 0.101315
12.718332, 0.111728, 0.102813
12.741658, 0.113716, 0.104538
12.765014, 0.115866, 0.106412
12.788399, 0.118062, 0.108340
12.811814, 0.120187, 0.110223
12.835259, 0.122132, 0.111970
12.858734, 0.123820, 0.113518
12.882238, 0.125212, 0.114832
12.905772, 0.126307, 0.115911
12.929336, 0.127135, 0.116779
12.952931, 0.127741, 0.117470
12.976555, 0.128167, 0.118018
13.000209, 0.128446, 0.118442
13.023894, 0.128597, 0.118751
13.047608, 0.128628, 0.118942
13.071353, 0.128547, 0.119012
13.095129, 0.128367, 0.118967
13.118935, 0.128107, 0.118827
13.142771, 0.127796, 0.118624
13.166637, 0.127467, 0.118394
13.190535, 0.127145, 0.118167
13.214463, 0.126845, 0.117961
13.238421, 0.126568, 0.117776
13.262411, 0.126302, 0.117599
13.286431, 0.126031, 0.117412
13.310482, 0.125748, 0.117206
13.334564, 0.125466, 0.116989
13.358677, 0.125221, 0.116798
13.382821, 0.125072, 0.116686
13.406996, 0.125076, 0.116710
13.431202, 0.125269, 0.116910
13.455440, 0.125656, 0.117296
13.479709, 0.126207, 0.117847
13.504009, 0.126866, 0.118516
13.528340, 0.127570, 0.119247
13.552703, 0.128261, 0.119987
13.577098, 0.128896, 0.120698
13.601524, 0.129457, 0.121363
13.625982, 0.129949, 0.121989
13.650471, 0.130402, 0.122599
13.674993, 0.130855, 0.123228
13.699546, 0.131345, 0.123903
13.724131, 0.131893, 0.124635
13.748748, 0.132504, 0.125419
13.773397, 0.133170, 0.126237
13.798078, 0.133876, 0.127070
13.822792, 0.134601, 0.127894
13.847537, 0.135323, 0.128688
13.872315, 0.136026, 0.129434
13.897125, 0.136708, 0.130131
13.921968, 0.137381, 0.130791
13.946843, 0.138053, 0.131429
13.971750, 0.138717, 0.132048
13.996690, 0.139332, 0.132629
14.021663, 0.139838, 0.133131
14.046669, 0.140169, 0.133510
14.071707, 0.140283, 0.133734
14.096778, 0.140176, 0.133802
14.121882, 0.139881, 0.133741
14.147020, 0.139460, 0.133602
14.172190, 0.138985, 0.133436
14.197393, 0.138517, 0.133286
14.222629, 0.138087, 0.133169
14.247899, 0.137699, 0.133077
14.273202, 0.137331, 0.132978
14.298538, 0.136944, 0.132835
14.323908, 0.136500, 0.132611
14.349311, 0.135966, 0.132277
14.374748, 0.135317, 0.131815
14.400219, 0.134540, 0.131218
14.425723, 0.133634, 0.130491
14.451261, 0.132615, 0.129647
14.476833, 0.131510, 0.128712
14.502439, 0.130356, 0.127720
14.528079, 0.129192, 0.126709
14.553752, 0.128060, 0.125720
14.579460, 0.127001, 0.124796
14.605202, 0.126060, 0.123985
14.630979, 0.125280, 0.123330
14.656789, 0.124698, 0.122873
14.682634, 0.124337, 0.122640
14.708514, 0.124210, 0.122646
14.734428, 0.124316, 0.122895
14.760376, 0.124652, 0.123385
14.786360, 0.125211, 0.124109
14.812378, 0.125977, 0.125048
14.838431, 0.126929, 0.126179
14.864518, 0.128040, 0.127469
14.890641, 0.129275, 0.128881
14.916799, 0.130604, 0.130379
14.942991, 0.131994, 0.131929
14.969219, 0.133421, 0.133504
14.995482, 0.134869, 0.135085
15.021781, 0.136340, 0.136673
15.048114, 0.137859, 0.138292
15.074484, 0.139471, 0.139983
15.100888, 0.141222, 0.141790
15.127329, 0.143148, 0.143745
15.153804, 0.145256, 0.145851
15.180316, 0.147528, 0.148085
15.206864, 0.149929, 0.150411
15.233447, 0.152420, 0.152790
15.260066, 0.154961, 0.155189
15.286721, 0.157511, 0.157573
15.313413, 0.160028, 0.159908
15.340140, 0.162473, 0.162161
15.366904, 0.164818, 0.164308
15.393704, 0.167057, 0.166342
15.420541, 0.169205, 0.168277
15.447414, 0.171292, 0.170143
15.474323, 0.173362, 0.171980
15.501269, 0.175466, 0.173833
15.528252, 0.177653, 0.175747
15.555271, 0.179959, 0.177758
15.582328, 0.182396, 0.179885
15.609421, 0.184951, 0.182131
15.636551, 0.187607, 0.184492
15.663718, 0.190358, 0.186976
15.690923, 0.193213, 0.189599
15.718164, 0.196182, 0.192370
15.745443, 0.199244, 0.195268
15.772760, 0.202335, 0.198234
15.800113, 0.205369, 0.201183
15.827504, 0.208270, 0.204034
15.854933, 0.211003, 0.206744
15.882400, 0.213588, 0.209315
15.909904, 0.216091, 0.211792
15.937446, 0.218597, 0.214245
15.965026, 0.221193, 0.216748
15.992644, 0.223942, 0.219359
16.020300, 0.226876, 0.222109
16.047994, 0.229993, 0.225001
16.075727, 0.233257, 0.228009
16.103497, 0.236603, 0.231087
16.131306, 0.239942, 0.234167
16.159154, 0.243151, 0.237148
16.187040, 0.246074, 0.239891
16.214964, 0.248554, 0.242244
16.242928, 0.250492, 0.244097
16.270930, 0.251905, 0.245435
16.298971, 0.252935, 0.246354
16.327051, 0.253790, 0.247019
16.355170, 0.254650, 0.247582
16.383328, 0.255596, 0.248127
16.411525, 0.256598, 0.248659
16.439762, 0.257565, 0.249145
16.468038, 0.258409, 0.249562
16.496353, 0.259099, 0.249931
16.524708, 0.259677, 0.250321
16.553102, 0.260239, 0.250832
16.581536, 0.260894, 0.251559
16.610010, 0.261709, 0.252558
16.638524, 0.262676, 0.253812
16.667077, 0.263723, 0.255244
16.695671, 0.264749, 0.256748
16.724305, 0.265665, 0.258220
16.752978, 0.266422, 0.259594
16.781693, 0.267026, 0.260849
16.810447, 0.267530, 0.262016
16.839242, 0.268021, 0.263157
16.868078, 0.268596, 0.264343
16.896954, 0.269353, 0.265641
16.925870, 0.270385, 0.267117
16.954828, 0.271775, 0.268840
16.983826, 0.273575, 0.270868
17.012866, 0.275777, 0.273225
17.041946, 0.278292, 0.275863
17.071068, 0.280946, 0.278640
17.100231, 0.283513, 0.281344
17.129435, 0.285761, 0.283738
17.158680, 0.287506, 0.285619
17.187967, 0.288637, 0.286854
17.217295, 0.289123, 0.287399
17.246666, 0.289022, 0.287312
17.276078, 0.288479, 0.286747
17.305531, 0.287706, 0.285932
17.335027, 0.286943, 0.285120
17.364565, 0.286398, 0.284531
17.394144, 0.286213, 0.284321
17.423766, 0.286448, 0.284568
17.453430, 0.287105, 0.285301
17.483137, 0.288156, 0.286520
17.512886, 0.289581, 0.288210
17.542678, 0.291370, 0.290344
17.572512, 0.293524, 0.292881
17.602389, 0.296044, 0.295767
17.632309, 0.298906, 0.298936
17.662271, 0.302042, 0.302290
17.692277, 0.305330, 0.305694
17.722326, 0.308609, 0.308986
17.752418, 0.311728, 0.312014
17.782553, 0.314601, 0.314695
17.812732, 0.317238, 0.317044
17.842954, 0.319729, 0.319171
17.873220, 0.322193, 0.321229
17.903530, 0.324713, 0.323349
17.933883, 0.327302, 0.325589
17.964280, 0.329905, 0.327927
17.994721, 0.332460, 0.330310
18.025206, 0.334952, 0.332707
18.055735, 0.337407, 0.335116
18.086308, 0.339840, 0.337532
18.116926, 0.342211, 0.339908
18.147588, 0.344424, 0.342162
18.178295, 0.346362, 0.344198
18.209047, 0.347936, 0.345939
18.239843, 0.349127, 0.347366
18.270683, 0.350015, 0.348537
18.301569, 0.350769, 0.349594
18.332500, 0.351616, 0.350725
18.363476, 0.352770, 0.352111
18.394497, 0.354364, 0.353875
18.425564, 0.356439, 0.356070
18.456676, 0.358967, 0.358704
18.487833, 0.361895, 0.361758
18.519036, 0.365141, 0.365176
18.550285, 0.368577, 0.368835
18.581579, 0.372011, 0.372524
18.612920, 0.375202, 0.375967
18.644306, 0.377891, 0.378870
18.675739, 0.379850, 0.380979
18.707217, 0.380967, 0.382165
18.738743, 0.381332, 0.382508
18.770314, 0.381267, 0.382322
18.801932, 0.381228, 0.382059
18.833597, 0.381659, 0.382164
18.865308, 0.382876, 0.382964
18.897067, 0.385017, 0.384629
18.928872, 0.388028, 0.387145
18.960724, 0.391676, 0.390328
18.992623, 0.395619, 0.393876
19.024570, 0.399539, 0.397495
19.056564, 0.403283, 0.401049
19.088605, 0.406947, 0.404643
19.120694, 0.410829, 0.408586
19.152831, 0.415279, 0.413239
19.185015, 0.420527, 0.418825
19.217248, 0.426558, 0.425304
19.249528, 0.433095, 0.432357
19.281857, 0.439672, 0.439468
19.314233, 0.445770, 0.446071
19.346658, 0.450941, 0.451689
19.379132, 0.454899, 0.456026
19.411653, 0.457543, 0.458976
19.444224, 0.458925, 0.460582
19.476843, 0.459179, 0.460968
19.509511, 0.458480, 0.460293
19.542229, 0.457069, 0.458788
19.574995, 0.455316, 0.456815
19.607810, 0.453729, 0.454881
19.640675, 0.452859, 0.453548
19.673589, 0.453159, 0.453296
19.706553, 0.454897, 0.454422
19.739566, 0.458157, 0.457044
19.772629, 0.462930, 0.461175
19.805742, 0.469167, 0.466783
19.838905, 0.476716, 0.473729
19.872118, 0.485213, 0.481647
19.905381, 0.494057, 0.489907
19.938694, 0.502599, 0.497806
19.972058, 0.510418, 0.504866
20.005473, 0.517445, 0.511005
20.038938, 0.523833, 0.516423
20.072454, 0.529736, 0.521362
20.106020, 0.535178, 0.525942
20.139638, 0.540067, 0.530155
20.173307, 0.544300, 0.533945
20.207027, 0.547842, 0.537284
20.240799, 0.550754, 0.540192
20.274622, 0.553156, 0.542717
20.308496, 0.555204, 0.544934
20.342422, 0.557115, 0.547001
20.376400, 0.559199, 0.549199
20.410431, 0.561782, 0.551846
20.444513, 0.565088, 0.555171
20.478647, 0.569215, 0.559273
20.512833, 0.574190, 0.564186
20.547072, 0.580034, 0.569921
20.581364, 0.586715, 0.576442
20.615708, 0.594081, 0.583610
20.650105, 0.601843, 0.591189
20.684555, 0.609663, 0.598921
20.719058, 0.617249, 0.606600
20.753614, 0.624421, 0.614105
20.788224, 0.631111, 0.621366
20.822886, 0.637307, 0.628300
20.857603, 0.642955, 0.634733
20.892373, 0.647888, 0.640353
20.927196, 0.651793, 0.644744
20.962074, 0.654273, 0.647469
20.997006, 0.655008, 0.648237
21.031991, 0.653982, 0.647092
21.067031, 0.651649, 0.644518
21.102126, 0.648847, 0.641333
21.137275, 0.646515, 0.638426
21.172478, 0.645415, 0.636517
21.207737, 0.645988, 0.636051
21.243050, 0.648335, 0.637184
21.278419, 0.652258, 0.639817
21.313842, 0.657388, 0.643680
21.349321, 0.663348, 0.648465
21.384855, 0.669937, 0.653983
21.420445, 0.677265, 0.660300
21.456091, 0.685747, 0.667742
21.491792, 0.695874, 0.676696
21.527549, 0.707861, 0.687289
21.563363, 0.721427, 0.699179
21.599232, 0.735872, 0.711629
21.635158, 0.750334, 0.723756
21.671141, 0.764088, 0.734832
21.707180, 0.776729, 0.744474
21.743275, 0.788123, 0.752611
21.779428, 0.798226, 0.759314
21.815638, 0.807080, 0.764766
21.851904, 0.815004, 0.769406
21.888228, 0.822618, 0.773935
21.924610, 0.830565, 0.779069
21.961049, 0.839155, 0.785229
21.997546, 0.848216, 0.792368
22.034100, 0.857222, 0.800040
22.070713, 0.865647, 0.807682
22.107383, 0.873204, 0.814866
22.144112, 0.879794, 0.821327
22.180900, 0.885300, 0.826829
22.217745, 0.889621, 0.831191
22.254650, 0.892977, 0.834549
22.291613, 0.896091, 0.837527
22.328635, 0.900034, 0.841077
22.365717, 0.905900, 0.846180
22.402857, 0.914517, 0.853554
22.440057, 0.926233, 0.863459
22.477316, 0.940863, 0.875661
22.514635, 0.957925, 0.889672
22.552014, 0.977043, 0.905115
22.589453, 0.998184, 0.921899
22.626952, 1.021457, 0.940001
22.664511, 1.046615, 0.959044
22.702131, 1.072788, 0.978139
22.739810, 1.098741, 0.996231
22.777551, 1.123376, 1.012588
22.815353, 1.146017, 1.026971
22.853215, 1.166420, 1.039517
22.891139, 1.184751, 1.050619
22.929123, 1.201555, 1.060845
22.967170, 1.217504, 1.070737
23.005277, 1.232796, 1.080387
23.043447, 1.246585, 1.089052
23.081678, 1.257291, 1.095404
23.119971, 1.263864, 1.098477
23.158327, 1.266898, 1.098546
23.196745, 1.268529, 1.097152
23.235225, 1.271159, 1.096223
23.273768, 1.275999, 1.096926
23.312373, 1.282471, 1.099072
23.351042, 1.288942, 1.101545
23.389773, 1.294287, 1.103471
23.428568, 1.299000, 1.105118
23.467426, 1.304947, 1.107767
23.506348, 1.314203, 1.112842
23.545333, 1.327989, 1.121138
23.584383, 1.346218, 1.132587
23.623496, 1.367701, 1.146493
23.662673, 1.390765, 1.161941
23.701915, 1.413802, 1.178080
23.741221, 1.435577, 1.194249
23.780592, 1.455371, 1.209985
23.820028, 1.472940, 1.224915
23.859528, 1.488263, 1.238611
23.899094, 1.501342, 1.250612
23.938725, 1.512422, 1.260739
23.978421, 1.522415, 1.269497
24.018183, 1.532737, 1.277977
24.058011, 1.544355, 1.287116
24.097905, 1.556915, 1.296896
24.137865, 1.569107, 1.306377
24.177891, 1.580178, 1.314746
24.217983, 1.590920, 1.322279
24.258142, 1.602812, 1.329999
24.298368, 1.616455, 1.338524
24.338661, 1.631018, 1.347455
24.379021, 1.644874, 1.355678
24.419448, 1.656660, 1.362167
24.459943, 1.666218, 1.366771
24.500505, 1.674774, 1.370488
24.541134, 1.683988, 1.374872
24.581832, 1.694664, 1.381051
24.622598, 1.706468, 1.389311
24.663432, 1.718795, 1.399492
24.704335, 1.731356, 1.411328
24.745306, 1.743753, 1.424212
24.786346, 1.755006, 1.436907
24.827455, 1.764105, 1.447978
24.868633, 1.771256, 1.456865
24.909881, 1.778657, 1.464771
24.951198, 1.789726, 1.474366
24.992584, 1.806915, 1.488182
25.034041, 1.829786, 1.506922
25.075567, 1.854987, 1.529048
25.117164, 1.878071, 1.551716
25.158831, 1.895522, 1.572009
25.200568, 1.905670, 1.587654
25.242377, 1.908729, 1.597489
25.284256, 1.906522, 1.601958
25.326206, 1.901605, 1.602943
25.368228, 1.895839, 1.602617
25.410321, 1.889531, 1.602198
25.452485, 1.882060, 1.601645
25.494722, 1.873361, 1.600471
25.537030, 1.864842, 1.598842
25.579411, 1.858966, 1.597944
25.621864, 1.857979, 1.599456
25.664390, 1.862840, 1.604700
25.706988, 1.872709, 1.613934
25.749659, 1.884931, 1.625933
25.792403, 1.896020, 1.638363
25.835221, 1.903684, 1.649211
25.878112, 1.908069, 1.658074
25.921077, 1.910811, 1.665849
25.964116, 1.913267, 1.673333
26.007229, 1.915898, 1.680594
26.050416, 1.918722, 1.687601
26.093677, 1.921830, 1.694881
26.137013, 1.925430, 1.703293
26.180424, 1.929549, 1.713272
26.223910, 1.933797, 1.724433
26.267471, 1.937525, 1.735893
26.311108, 1.940086, 1.746737
26.354820, 1.940997, 1.756154
26.398608, 1.940484, 1.763886
26.442472, 1.939891, 1.770885
26.486413, 1.940693, 1.778719
26.530429, 1.943012, 1.787904
26.574522, 1.945544, 1.797208
26.618692, 1.946758, 1.804639
26.662940, 1.946084, 1.809051
26.707264, 1.944319, 1.810999
26.751665, 1.943069, 1.812232
26.796145, 1.943935, 1.814521
26.840702, 1.948362, 1.819319
26.885337, 1.957697, 1.828239
26.930050, 1.972356, 1.842695
26.974842, 1.990608, 1.862402
27.019712, 2.008884, 1.884763
27.064662, 2.024082, 1.906412
27.109690, 2.035421, 1.925382
27.154798, 2.043589, 1.941368
27.199985, 2.048774, 1.954278
27.245251, 2.050436, 1.963519
27.290598, 2.048781, 1.968802
27.336025, 2.045583, 1.970999
27.381532, 2.043313, 1.971800
27.427119, 2.044021, 1.972902
27.472788, 2.049213, 1.975944
27.518537, 2.059825, 1.982575
27.564367, 2.075793, 1.993907
27.610279, 2.096366, 2.010319
27.656272, 2.120884, 2.031907
27.702348, 2.148347, 2.058214
27.748505, 2.176532, 2.087389
27.794744, 2.202701, 2.116537
27.841067, 2.224860, 2.142950
27.887471, 2.241665, 2.164413
27.933959, 2.252402, 2.179373
27.980530, 2.258290, 2.188439
28.027184, 2.262165, 2.194521
28.073922, 2.265658, 2.199812
28.120743, 2.268086, 2.203958
28.167649, 2.268259, 2.205676
28.214639, 2.265461, 2.203991
28.261713, 2.258891, 2.197793
28.308872, 2.248783, 2.186980
28.356116, 2.238298, 2.174634
28.403446, 2.231943, 2.165805
28.450860, 2.231888, 2.163638
28.498361, 2.237336, 2.167825
28.545947, 2.247327, 2.176898
28.593619, 2.262451, 2.190607
28.641378, 2.283618, 2.209700
28.689223, 2.309905, 2.233964
28.737155, 2.337678, 2.260715
28.785174, 2.362011, 2.285525
28.833280, 2.379196, 2.304502
28.881474, 2.387876, 2.315666
28.929756, 2.388336, 2.318749
28.978126, 2.382030, 2.314948
29.026584, 2.371661, 2.306960
29.075130, 2.360419, 2.298169
29.123765, 2.350942, 2.291402
29.172489, 2.344632, 2.287931
29.221303, 2.340792, 2.286717
29.270206, 2.336062, 2.284301
29.319198, 2.325667, 2.276047
29.368281, 2.306616, 2.258730
29.417453, 2.280340, 2.233093
29.466717, 2.251741, 2.203598
29.516071, 2.226080, 2.175607
29.565515, 2.207299, 2.153450
29.615051, 2.197339, 2.139765
29.664679, 2.195133, 2.134692
29.714398, 2.196808, 2.135757
29.764209, 2.197048, 2.138574
29.814113, 2.190412, 2.137656
29.864109, 2.173999, 2.128860
29.914197, 2.149490, 2.112000
29.964379, 2.120620, 2.089505
30.014654, 2.089626, 2.063367
30.065022, 2.057870, 2.035139
30.115484, 2.028144, 2.007711
30.166041, 2.003281, 1.984127
30.216691, 1.982565, 1.964117
30.267436, 1.961948, 1.944055
30.318276, 1.938025, 1.920800
30.369211, 1.910600, 1.894297
30.420242, 1.881647, 1.866536
30.471368, 1.852666, 1.838933
30.522589, 1.824035, 1.811607
30.573908, 1.796813, 1.785246
30.625322, 1.773136, 1.761906
30.676833, 1.754510, 1.743338
30.728442, 1.740415, 1.729344
30.780147, 1.728027, 1.717526
30.831950, 1.713445, 1.704390
30.883851, 1.694187, 1.687346
30.935850, 1.670802, 1.666226
30.987947, 1.646357, 1.643291
31.040143, 1.624326, 1.621707
31.092438, 1.606431, 1.603440
31.144832, 1.592344, 1.588630
31.197326, 1.580932, 1.576593
31.249919, 1.571617, 1.566971
31.302613, 1.564396, 1.559947
31.355406, 1.558330, 1.555067
31.408301, 1.550889, 1.550248
31.461296, 1.539202, 1.542367
31.514393, 1.521333, 1.528472
31.567591, 1.497188, 1.507141
31.620891, 1.469177, 1.479888
31.674292, 1.441230, 1.450775
31.727797, 1.416740, 1.424094
31.781404, 1.397024, 1.402092
31.835114, 1.380862, 1.384087
31.888927, 1.365911, 1.367880
31.942844, 1.351119, 1.352290
31.996864, 1.337711, 1.338199
32.050989, 1.327331, 1.327147
32.105219, 1.319156, 1.318875
32.159553, 1.309921, 1.310844
32.213992, 1.297382, 1.300886
32.268536, 1.282105, 1.289136
32.323186, 1.265026, 1.276008
32.377943, 1.245832, 1.260460
32.432805, 1.224561, 1.241800
32.487774, 1.202744, 1.221277
32.542850, 1.182803, 1.201417
32.598033, 1.166781, 1.184636
32.653324, 1.155220, 1.172124
32.708723, 1.146954, 1.163431
32.764230, 1.139690, 1.156658
32.819845, 1.131183, 1.149357
32.875569, 1.120752, 1.140295
32.931403, 1.109395, 1.130139
32.987345, 1.098403, 1.120209
33.043398, 1.088589, 1.111432
33.099560, 1.079954, 1.103964
33.155833, 1.071308, 1.096748
33.212217, 1.061056, 1.088090
33.268712, 1.048447, 1.076901
33.325318, 1.033515, 1.062843
33.382036, 1.016692, 1.046089
33.438866, 0.999272, 1.027869
33.495809, 0.983291, 1.010411
33.552864, 0.970044, 0.995305
33.610032, 0.959507, 0.982640
33.667314, 0.951634, 0.972485
33.724710, 0.946522, 0.965434
33.782219, 0.943073, 0.961002
33.839843, 0.939195, 0.957028
33.897582, 0.933838, 0.951489
33.955435, 0.928097, 0.944589
34.013405, 0.923849, 0.938376
34.071490, 0.921884, 0.934559
34.129691, 0.921611, 0.933328
34.188009, 0.921908, 0.933715
34.246443, 0.922165, 0.934848
34.304995, 0.921865, 0.936111
34.363664, 0.919864, 0.936367
34.422451, 0.915058, 0.934143
34.481357, 0.907303, 0.928385
34.540381, 0.898493, 0.920033
34.599524, 0.891945, 0.912400
34.658786, 0.889811, 0.908594
34.718168, 0.891515, 0.909249
34.777670, 0.894196, 0.912487
34.837293, 0.895245, 0.915901
34.897036, 0.894447, 0.918781
34.956901, 0.892465, 0.921700
35.016887, 0.888266, 0.924196
35.076995, 0.880092, 0.924618
35.137225, 0.867665, 0.922098
35.197578, 0.851268, 0.916248
35.258054, 0.831060, 0.906199
35.318653, 0.808496, 0.891899
35.379376, 0.786113, 0.874630
35.440223, 0.765869, 0.856025
35.501195, 0.748569, 0.837729
35.562291, 0.733814, 0.820958
35.623513, 0.720385, 0.805679
35.684861, 0.707889, 0.791413
35.746334, 0.697096, 0.778444
35.807935, 0.688202, 0.767218
35.869661, 0.680776, 0.757973
35.931516, 0.674676, 0.751123
35.993498, 0.669564, 0.746688
36.055607, 0.663914, 0.743297
36.117846, 0.655335, 0.738256
36.180213, 0.642788, 0.729711
36.242709, 0.627235, 0.718009
36.305335, 0.609662, 0.703726
36.368091, 0.590932, 0.687021
36.430978, 0.572792, 0.668967
36.493995, 0.557391, 0.651628
36.557144, 0.546357, 0.637392
36.620424, 0.539919, 0.627817
36.683836, 0.536603, 0.622358
36.747381, 0.534384, 0.619011
36.811059, 0.532203, 0.616359
36.874870, 0.530004, 0.614130
36.938815, 0.527675, 0.612189
37.002894, 0.524535, 0.609875
37.067107, 0.519547, 0.606033
37.131456, 0.511846, 0.599357
37.195940, 0.501413, 0.588967
37.260560, 0.489757, 0.575838
37.325316, 0.478653, 0.562346
37.390209, 0.468558, 0.549944
37.455239, 0.459493, 0.539045
37.520407, 0.452331, 0.530409
37.585712, 0.448441, 0.525494
37.651157, 0.447820, 0.524793
37.716740, 0.448119, 0.526103
37.782462, 0.446853, 0.526421
37.848324, 0.443491, 0.524741
37.914327, 0.438690, 0.521679
37.980470, 0.432663, 0.517461
38.046754, 0.425362, 0.511830
38.113180, 0.417240, 0.505035
38.179748, 0.408881, 0.497545
38.246459, 0.400480, 0.489556
38.313313, 0.391875, 0.480847
38.380309, 0.383204, 0.471537
38.447450, 0.374837, 0.462387
38.514735, 0.366564, 0.453424
38.582165, 0.358462, 0.444444
38.649741, 0.351414, 0.436132
38.717462, 0.345955, 0.429164
38.785329, 0.341797, 0.423527
38.853343, 0.338220, 0.418774
38.921504, 0.334692, 0.414530
38.989813, 0.330848, 0.410349
39.058270, 0.326230, 0.405420
39.126876, 0.320732, 0.399062
39.195630, 0.314891, 0.391365
39.264535, 0.309326, 0.382974
39.333589, 0.304721, 0.375032
39.402794, 0.301817, 0.368943
39.472150, 0.300644, 0.365254
39.541658, 0.300351, 0.363182
39.611317, 0.299743, 0.361175
39.681129, 0.298001, 0.358098
39.751095, 0.294944, 0.353732
39.821214, 0.291140, 0.348698
39.891486, 0.287703, 0.344262
39.961914, 0.285101, 0.341064
40.032496, 0.282936, 0.338601
40.103235, 0.280890, 0.336375
40.174129, 0.278928, 0.334507
40.245180, 0.276869, 0.333128
40.316388, 0.274221, 0.331465
40.387754, 0.271160, 0.328943
40.459278, 0.268685, 0.326416
40.530960, 0.267105, 0.324651
40.602802, 0.265465, 0.322990
40.674804, 0.262948, 0.320489
40.746966, 0.259778, 0.317009
40.819289, 0.256577, 0.312944
40.891773, 0.253565, 0.308780
40.964420, 0.250807, 0.305160
41.037228, 0.248347, 0.302368
41.110200, 0.245975, 0.299931
41.183335, 0.243534, 0.297540
41.256635, 0.240925, 0.295360
41.330099, 0.237987, 0.293618
41.403728, 0.234450, 0.292062
41.477524, 0.230111, 0.289927
41.551485, 0.224964, 0.286399
41.625614, 0.219304, 0.281432
41.699909, 0.213702, 0.275670
41.774373, 0.208769, 0.269625
41.849006, 0.205000, 0.263932
41.923808, 0.202360, 0.259233
41.998779, 0.200196, 0.255487
42.073921, 0.197760, 0.251896
42.149234, 0.194685, 0.247733
42.224718, 0.191008, 0.242806
42.300375, 0.186993, 0.237108
42.376204, 0.183447, 0.231453
42.452206, 0.180901, 0.226756
42.528383, 0.179003, 0.222969
42.604733, 0.177350, 0.219825
42.681259, 0.175645, 0.216844
42.757961, 0.174034, 0.213858
42.834838, 0.172732, 0.211016
42.911893, 0.171245, 0.207801
42.989125, 0.169102, 0.203689
43.066536, 0.166520, 0.199108
43.144125, 0.164146, 0.194993
43.221893, 0.162353, 0.191760
43.299841, 0.160938, 0.188989
43.377970, 0.159675, 0.186387
43.456281, 0.158154, 0.183717
43.534773, 0.156006, 0.180611
43.613447, 0.153298, 0.176836
43.692305, 0.150246, 0.172399
43.771346, 0.146982, 0.167492
43.850572, 0.143657, 0.162448
43.929983, 0.140808, 0.158016
44.009580, 0.139118, 0.154880
44.089363, 0.138936, 0.153383
44.169333, 0.139659, 0.152935
44.249490, 0.140001, 0.152049
44.329836, 0.139390, 0.150092
44.410371, 0.138632, 0.148095
44.491096, 0.138605, 0.146999
44.572011, 0.139191, 0.146535
44.653117, 0.139807, 0.146136
44.734415, 0.140158, 0.145788
44.815905, 0.140126, 0.145518
44.897588, 0.139480, 0.144820
44.979465, 0.138110, 0.143237
45.061537, 0.136120, 0.140840
45.143803, 0.133833, 0.138062
45.226265, 0.131598, 0.135354
45.308924, 0.129140, 0.132507
45.391780, 0.126193, 0.129194
45.474834, 0.123366, 0.125919
45.558087, 0.121261, 0.123284
45.641539, 0.119728, 0.121185
45.725191, 0.118488, 0.119347
45.809044, 0.117471, 0.117802
45.893098, 0.116698, 0.116675
45.977355, 0.116129, 0.115893
46.061814, 0.115527, 0.115150
46.146477, 0.114721, 0.114167
46.231345, 0.113874, 0.113072
46.316418, 0.113434, 0.112320
46.401697, 0.113677, 0.112097
46.487183, 0.114452, 0.112220
46.572876, 0.115511, 0.112581
46.658777, 0.116800, 0.113357
46.744887, 0.118138, 0.114392
46.831207, 0.119159, 0.115112
46.917737, 0.119818, 0.115178
47.004479, 0.120630, 0.114830
47.091432, 0.121982, 0.114327
47.178599, 0.123613, 0.113524
47.265979, 0.124975, 0.112139
47.353573, 0.126011, 0.110336
47.441382, 0.127226, 0.108853
47.529408, 0.128822, 0.108206
47.617650, 0.130449, 0.108256
47.706110, 0.131467, 0.108327
47.794788, 0.131504, 0.107685
47.883685, 0.131021, 0.106383
47.972803, 0.130760, 0.105051
48.062141, 0.131023, 0.104279
48.151701, 0.131398, 0.104136
48.241483, 0.131196, 0.104127
48.331488, 0.130248, 0.103762
48.421718, 0.129057, 0.103025
48.512172, 0.127827, 0.102027
48.602853, 0.126565, 0.100899
48.693760, 0.125650, 0.100044
48.784894, 0.125281, 0.099684
48.876257, 0.125066, 0.099586
48.967849, 0.124685, 0.099386
49.059671, 0.124450, 0.099145
49.151724, 0.124538, 0.099223
49.244009, 0.124692, 0.099763
49.336526, 0.124483, 0.100464
49.429277, 0.123617, 0.100662
49.522263, 0.122192, 0.099976
49.615484, 0.120552, 0.098584
49.708941, 0.119110, 0.097002
49.802635, 0.118034, 0.095500
49.896568, 0.117672, 0.094475
49.990739, 0.118137, 0.094398
50.085150, 0.118570, 0.094893
50.179802, 0.118133, 0.095120
50.274695, 0.116961, 0.094719
50.369832, 0.115907, 0.094158
50.465211, 0.115065, 0.093622
50.560836, 0.114141, 0.092830
50.656705, 0.113374, 0.091857
50.752821, 0.113220, 0.091218
50.849185, 0.113274, 0.090868
50.945796, 0.113136, 0.090454
51.042657, 0.112825, 0.089906
51.139769, 0.112535, 0.089338
51.237131, 0.112304, 0.088872
51.334745, 0.111513, 0.088181
51.432613, 0.110480, 0.087366
51.530735, 0.110134, 0.087205
51.629112, 0.109954, 0.087493
51.727745, 0.109281, 0.087479
51.826635, 0.108492, 0.087152
51.925783, 0.108080, 0.086893
52.025191, 0.108137, 0.086959
52.124858, 0.108025, 0.087118
52.224787, 0.107248, 0.087039
52.324978, 0.106208, 0.086802
52.425432, 0.105662, 0.086810
52.526151, 0.105746, 0.087295
52.627135, 0.105712, 0.087906
52.728385, 0.105096, 0.088201
52.829903, 0.103945, 0.088033
52.931689, 0.102268, 0.087379
53.033744, 0.100594, 0.086567
53.136071, 0.099758, 0.086176
53.238669, 0.100014, 0.086531
53.341539, 0.100651, 0.087314
53.444684, 0.100762, 0.087765
53.548104, 0.100648, 0.087846
53.651799, 0.100803, 0.087998
53.755772, 0.101111, 0.088306
53.860024, 0.101478, 0.088803
53.964554, 0.101639, 0.089359
54.069365, 0.101010, 0.089450
54.174458, 0.099607, 0.088756
54.279834, 0.098196, 0.087630
54.385493, 0.097434, 0.086788
54.491438, 0.097056, 0.086287
54.597669, 0.097114, 0.086248
54.704187, 0.097672, 0.086872
54.810994, 0.098245, 0.087711
54.918091, 0.098365, 0.088108
55.025479, 0.098275, 0.088191
55.133158, 0.098459, 0.088592
55.241131, 0.098945, 0.089483
55.349399, 0.099004, 0.090314
55.457962, 0.098261, 0.090760
55.566823, 0.096735, 0.090599
55.675981, 0.094827, 0.089800
55.785439, 0.093395, 0.089184
55.895197, 0.092595, 0.089146
56.005257, 0.091818, 0.089019
56.115621, 0.090859, 0.088331
56.226289, 0.090235, 0.087667
56.337262, 0.090173, 0.087622
56.448542, 0.090251, 0.088008
56.560131, 0.090081, 0.088383
56.672029, 0.089519, 0.088390
56.784237, 0.088783, 0.088074
56.896758, 0.088281, 0.087824
57.009592, 0.088463, 0.088261
57.122740, 0.089107, 0.089506
57.236205, 0.089334, 0.090767
57.349987, 0.088592, 0.091177
57.464087, 0.087009, 0.090470
57.578508, 0.085068, 0.088883
57.693250, 0.083703, 0.087280
57.808314, 0.083749, 0.086961
57.923703, 0.084592, 0.087847
58.039416, 0.085175, 0.088885
58.155457, 0.084841, 0.089041
58.271826, 0.084209, 0.088671
58.388524, 0.083790, 0.088542
58.505553, 0.083413, 0.088723
58.622915, 0.082858, 0.088913
58.740611, 0.082060, 0.088681
58.858641, 0.081222, 0.088046
58.977009, 0.080553, 0.087417
59.095714, 0.079878, 0.087045
59.214759, 0.078582, 0.086382
59.334145, 0.076662, 0.085174
59.453873, 0.074426, 0.083395
59.573946, 0.072590, 0.081526
59.694364, 0.071397, 0.080096
59.815128, 0.070539, 0.079043
59.936241, 0.069932, 0.078362
60.057704, 0.069506, 0.077989
60.179519, 0.069241, 0.077729
60.301686, 0.068896, 0.077230
60.424208, 0.068394, 0.076642
60.547086, 0.067583, 0.075872
60.670322, 0.066617, 0.074792
60.793917, 0.066042, 0.073911
60.917873, 0.066047, 0.073531
61.042191, 0.066775, 0.073950
61.166872, 0.067956, 0.075204
61.291920, 0.068812, 0.076549
61.417334, 0.069324, 0.077587
61.543117, 0.069820, 0.078651
61.669271, 0.069598, 0.079198
61.795797, 0.068093, 0.078186
61.922696, 0.066206, 0.076250
62.049971, 0.064836, 0.074538
62.177622, 0.064218, 0.073560
62.305653, 0.064022, 0.073269
62.434063, 0.063453, 0.072874
62.562856, 0.062478, 0.071978
62.692032, 0.061788, 0.071184
62.821594, 0.061556, 0.070880
62.951543, 0.061471, 0.070916
63.081882, 0.061183, 0.070891
63.212610, 0.060568, 0.070570
63.343732, 0.059477, 0.069610
63.475247, 0.058198, 0.068111
63.607159, 0.057348, 0.066960
63.739468, 0.057004, 0.066443
63.872177, 0.056937, 0.066371
64.005287, 0.056481, 0.066050
64.138800, 0.055327, 0.065097
64.272719, 0.053747, 0.063604
64.407044, 0.052192, 0.061894
64.541779, 0.050908, 0.060157
64.676924, 0.050328, 0.059195
64.812481, 0.049670, 0.058572
64.948453, 0.048339, 0.057324
65.084841, 0.046946, 0.055716
65.221647, 0.046150, 0.054568
65.358874, 0.045600, 0.053749
65.496523, 0.045015, 0.052865
65.634595, 0.044742, 0.052292
65.773094, 0.044603, 0.051897
65.912021, 0.044721, 0.051841
66.051377, 0.044910, 0.052082
66.191166, 0.044925, 0.052246
66.331388, 0.044939, 0.052445
66.472047, 0.044898, 0.052810
66.613144, 0.044499, 0.052976
66.754680, 0.043797, 0.052636
66.896659, 0.043377, 0.052415
67.039082, 0.043215, 0.052542
67.181952, 0.043024, 0.052661
67.325270, 0.042708, 0.052780
67.469038, 0.042084, 0.052761
67.613259, 0.041241, 0.052471
67.757935, 0.040436, 0.051991
67.903068, 0.039821, 0.051429
68.048660, 0.039114, 0.050563
68.194713, 0.038638, 0.049457
68.341230, 0.039193, 0.049496
68.488212, 0.040097, 0.051048
68.635663, 0.040224, 0.052938
68.783583, 0.039308, 0.053763
68.931976, 0.038122, 0.053674
69.080844, 0.037071, 0.053335
69.230189, 0.036021, 0.052893
69.380013, 0.035041, 0.052518
69.530318, 0.034079, 0.052403
69.681108, 0.032791, 0.051963
69.832383, 0.031522, 0.051111
69.984148, 0.030558, 0.050373
70.136403, 0.029854, 0.049809
70.289152, 0.029339, 0.049211
70.442396, 0.029103, 0.049104
70.596139, 0.028839, 0.049881
70.750382, 0.028160, 0.050716
70.905128, 0.027193, 0.051116
71.060380, 0.026083, 0.050912
71.216140, 0.025064, 0.049975
71.372410, 0.024396, 0.048899
71.529194, 0.023991, 0.048182
71.686492, 0.023523, 0.047841
71.844309, 0.022825, 0.047367
72.002647, 0.021766, 0.046030
72.161508, 0.020530, 0.043962
72.320895, 0.019431, 0.041842
72.480810, 0.018325, 0.039642
72.641256, 0.016939, 0.036803
72.802236, 0.015636, 0.033561
72.963753, 0.014663, 0.030574
73.125808, 0.013947, 0.028241
73.288406, 0.013254, 0.026201
73.451548, 0.012731, 0.024524
73.615237, 0.012405, 0.023364
73.779476, 0.012078, 0.022265
73.944268, 0.011808, 0.021325
74.109615, 0.011605, 0.020618
74.275521, 0.011349, 0.019887
74.441989, 0.010948, 0.018934
74.609020, 0.010571, 0.017967
74.776618, 0.010396, 0.017352
74.944786, 0.010326, 0.017034
75.113527, 0.010162, 0.016670
75.282844, 0.009904, 0.016126
75.452739, 0.009697, 0.015602
75.623216, 0.009421, 0.014995
75.794277, 0.009078, 0.014355
75.965926, 0.008805, 0.013802
76.138166, 0.008557, 0.013275
76.310999, 0.008181, 0.012547
76.484429, 0.007704, 0.011654
76.658460, 0.007276, 0.010892
76.833093, 0.006914, 0.010271
77.008332, 0.006656, 0.009792
77.184180, 0.006485, 0.009444
77.360642, 0.006205, 0.008949
77.537718, 0.005877, 0.008385
77.715414, 0.005733, 0.008102
77.893732, 0.005683, 0.007986
78.072675, 0.005570, 0.007817
78.252247, 0.005424, 0.007588
78.432451, 0.005339, 0.007425
78.613290, 0.005235, 0.007232
78.794769, 0.005114, 0.007036
78.976889, 0.004918, 0.006745
79.159655, 0.004712, 0.006421
79.343070, 0.004642, 0.006282
79.527137, 0.004615, 0.006212
79.711861, 0.004522, 0.006060
79.897244, 0.004417, 0.005903
80.083289, 0.004345, 0.005777
80.270002, 0.004277, 0.005652
80.457385, 0.004188, 0.005519
80.645441, 0.004097, 0.005387
80.834175, 0.004069, 0.005332
81.023590, 0.003916, 0.005109
81.213689, 0.003742, 0.004855
81.404478, 0.003661, 0.004723
81.595958, 0.003606, 0.004630
81.788134, 0.003438, 0.004395
81.981011, 0.003152, 0.003998
82.174591, 0.002930, 0.003690
82.368878, 0.002744, 0.003441
82.563877, 0.002592, 0.003231
82.759591, 0.002403, 0.002969
82.956025, 0.002187, 0.002676
83.153181, 0.002044, 0.002490
83.351065, 0.002038, 0.002477
83.549680, 0.001988, 0.002408
83.749031, 0.001864, 0.002247
83.949120, 0.001703, 0.002050
84.149954, 0.001547, 0.001857
84.351535, 0.001412, 0.001680
84.553868, 0.001269, 0.001486
84.756957, 0.001135, 0.001307
84.960806, 0.001019, 0.001161
85.165420, 0.000942, 0.001066
85.370803, 0.000875, 0.000984
85.576959, 0.000815, 0.000911
85.783893, 0.000759, 0.000843
85.991609, 0.000715, 0.000790
86.200111, 0.000687, 0.000755
86.409404, 0.000667, 0.000731
86.619493, 0.000650, 0.000711
86.830382, 0.000636, 0.000694
87.042075, 0.000624, 0.000678
87.254578, 0.000613, 0.000665
87.467894, 0.000603, 0.000653
87.682029, 0.000593, 0.000640
87.896987, 0.000583, 0.000628
88.112773, 0.000574, 0.000618
