# energy, eels_NLFC_w, eels_LFC_w
0.000000, -0.000000, 0.000000
0.010004, 0.000160, 0.000159
0.020017, 0.000319, 0.000319
0.030037, 0.000480, 0.000479
0.040066, 0.000641, 0.000640
0.050104, 0.000803, 0.000802
0.060149, 0.000967, 0.000965
0.070204, 0.001132, 0.001130
0.080266, 0.001298, 0.001296
0.090337, 0.001467, 0.001464
0.100416, 0.001637, 0.001634
0.110503, 0.001810, 0.001807
0.120599, 0.001985, 0.001981
0.130704, 0.002164, 0.002159
0.140817, 0.002345, 0.002339
0.150938, 0.002529, 0.002523
0.161067, 0.002716, 0.002710
0.171206, 0.002908, 0.002900
0.181352, 0.003102, 0.003094
0.191507, 0.003301, 0.003292
0.201671, 0.003504, 0.003493
0.211843, 0.003710, 0.003698
0.222023, 0.003921, 0.003908
0.232212, 0.004135, 0.004121
0.242410, 0.004354, 0.004338
0.252616, 0.004576, 0.004560
0.262831, 0.004803, 0.004784
0.273054, 0.005032, 0.005013
0.283286, 0.005266, 0.005245
0.293526, 0.005502, 0.005479
0.303775, 0.005741, 0.005717
0.314032, 0.005982, 0.005957
0.324299, 0.006225, 0.006199
0.334573, 0.006469, 0.006442
0.344857, 0.006714, 0.006687
0.355149, 0.006960, 0.006933
0.365449, 0.007206, 0.007179
0.375759, 0.007451, 0.007425
0.386077, 0.007695, 0.007671
0.396404, 0.007938, 0.007916
0.406739, 0.008180, 0.008161
0.417083, 0.008420, 0.008405
0.427436, 0.008658, 0.008647
0.437798, 0.008895, 0.008889
0.448168, 0.009129, 0.009130
0.458547, 0.009362, 0.009370
0.468935, 0.009594, 0.009609
0.479332, 0.009825, 0.009848
0.489737, 0.010056, 0.010086
0.500151, 0.010287, 0.010326
0.510574, 0.010519, 0.010567
0.521006, 0.010754, 0.010810
0.531447, 0.010992, 0.011056
0.541896, 0.011235, 0.011306
0.552355, 0.011483, 0.011562
0.562822, 0.011739, 0.011824
0.573298, 0.012002, 0.012093
0.583783, 0.012276, 0.012372
0.594277, 0.012561, 0.012662
0.604780, 0.012858, 0.012964
0.615292, 0.013169, 0.013279
0.625812, 0.013495, 0.013609
0.636342, 0.013837, 0.013954
0.646881, 0.014196, 0.014315
0.657428, 0.014571, 0.014693
0.667985, 0.014964, 0.015088
0.678550, 0.015374, 0.015500
0.689125, 0.015802, 0.015929
0.699708, 0.016247, 0.016374
0.710301, 0.016708, 0.016835
0.720903, 0.017185, 0.017311
0.731513, 0.017678, 0.017802
0.742133, 0.018186, 0.018306
0.752762, 0.018708, 0.018823
0.763400, 0.019245, 0.019353
0.774047, 0.019797, 0.019896
0.784703, 0.020363, 0.020452
0.795368, 0.020945, 0.021022
0.806042, 0.021544, 0.021607
0.816726, 0.022161, 0.022208
0.827418, 0.022796, 0.022827
0.838120, 0.023452, 0.023464
0.848831, 0.024129, 0.024123
0.859551, 0.024829, 0.024804
0.870280, 0.025552, 0.025508
0.881019, 0.026300, 0.026236
0.891767, 0.027071, 0.026989
0.902524, 0.027867, 0.027768
0.913290, 0.028686, 0.028570
0.924066, 0.029528, 0.029398
0.934850, 0.030393, 0.030249
0.945645, 0.031279, 0.031123
0.956448, 0.032185, 0.032019
0.967261, 0.033110, 0.032936
0.978083, 0.034054, 0.033874
0.988914, 0.035015, 0.034831
0.999755, 0.035994, 0.035807
1.010605, 0.036987, 0.036801
1.021464, 0.037996, 0.037812
1.032333, 0.039017, 0.038837
1.043211, 0.040048, 0.039876
1.054099, 0.041087, 0.040925
1.064996, 0.042129, 0.041979
1.075902, 0.043170, 0.043036
1.086818, 0.044204, 0.044089
1.097744, 0.045226, 0.045132
1.108678, 0.046229, 0.046159
1.119623, 0.047206, 0.047163
1.130576, 0.048151, 0.048137
1.141540, 0.049058, 0.049076
1.152512, 0.049924, 0.049974
1.163495, 0.050743, 0.050828
1.174487, 0.051516, 0.051635
1.185488, 0.052243, 0.052396
1.196499, 0.052925, 0.053110
1.207520, 0.053566, 0.053783
1.218550, 0.054171, 0.054417
1.229590, 0.054746, 0.055019
1.240639, 0.055297, 0.055595
1.251698, 0.055828, 0.056148
1.262767, 0.056345, 0.056685
1.273845, 0.056849, 0.057208
1.284933, 0.057344, 0.057718
1.296031, 0.057828, 0.058217
1.307138, 0.058301, 0.058703
1.318255, 0.058760, 0.059174
1.329382, 0.059202, 0.059627
1.340518, 0.059625, 0.060058
1.351664, 0.060025, 0.060464
1.362820, 0.060398, 0.060842
1.373986, 0.060744, 0.061191
1.385162, 0.061061, 0.061508
1.396347, 0.061348, 0.061795
1.407542, 0.061606, 0.062052
1.418747, 0.061838, 0.062280
1.429962, 0.062044, 0.062483
1.441186, 0.062227, 0.062663
1.452421, 0.062390, 0.062824
1.463665, 0.062537, 0.062969
1.474920, 0.062669, 0.063100
1.486184, 0.062790, 0.063223
1.497458, 0.062903, 0.063338
1.508742, 0.063010, 0.063449
1.520036, 0.063114, 0.063559
1.531339, 0.063218, 0.063669
1.542653, 0.063325, 0.063783
1.553977, 0.063438, 0.063902
1.565311, 0.063558, 0.064030
1.576655, 0.063691, 0.064170
1.588008, 0.063838, 0.064324
1.599372, 0.064003, 0.064496
1.610746, 0.064188, 0.064688
1.622130, 0.064397, 0.064903
1.633524, 0.064630, 0.065143
1.644928, 0.064888, 0.065409
1.656342, 0.065171, 0.065700
1.667767, 0.065476, 0.066015
1.679201, 0.065802, 0.066351
1.690646, 0.066144, 0.066706
1.702100, 0.066498, 0.067073
1.713565, 0.066861, 0.067450
1.725040, 0.067226, 0.067832
1.736525, 0.067592, 0.068214
1.748021, 0.067954, 0.068593
1.759526, 0.068311, 0.068967
1.771042, 0.068662, 0.069334
1.782568, 0.069005, 0.069692
1.794105, 0.069341, 0.070042
1.805651, 0.069670, 0.070384
1.817208, 0.069994, 0.070718
1.828776, 0.070313, 0.071044
1.840353, 0.070627, 0.071365
1.851941, 0.070938, 0.071680
1.863539, 0.071246, 0.071991
1.875148, 0.071552, 0.072298
1.886767, 0.071857, 0.072605
1.898396, 0.072163, 0.072910
1.910036, 0.072469, 0.073218
1.921686, 0.072778, 0.073528
1.933346, 0.073090, 0.073842
1.945017, 0.073406, 0.074162
1.956699, 0.073727, 0.074489
1.968391, 0.074055, 0.074823
1.980093, 0.074387, 0.075163
1.991806, 0.074725, 0.075510
2.003529, 0.075066, 0.075862
2.015263, 0.075409, 0.076216
2.027008, 0.075751, 0.076569
2.038763, 0.076089, 0.076918
2.050528, 0.076418, 0.077257
2.062305, 0.076735, 0.077583
2.074091, 0.077036, 0.077891
2.085889, 0.077315, 0.078177
2.097697, 0.077571, 0.078435
2.109515, 0.077798, 0.078664
2.121344, 0.077996, 0.078862
2.133184, 0.078163, 0.079027
2.145035, 0.078298, 0.079159
2.156896, 0.078403, 0.079261
2.168768, 0.078479, 0.079335
2.180651, 0.078528, 0.079384
2.192545, 0.078554, 0.079412
2.204449, 0.078562, 0.079422
2.216364, 0.078554, 0.079420
2.228289, 0.078535, 0.079410
2.240226, 0.078510, 0.079394
2.252173, 0.078482, 0.079378
2.264132, 0.078455, 0.079364
2.276101, 0.078434, 0.079356
2.288081, 0.078420, 0.079355
2.300071, 0.078417, 0.079365
2.312073, 0.078428, 0.079389
2.324086, 0.078454, 0.079427
2.336109, 0.078498, 0.079482
2.348143, 0.078560, 0.079556
2.360189, 0.078643, 0.079650
2.372245, 0.078747, 0.079765
2.384312, 0.078872, 0.079902
2.396391, 0.079018, 0.080059
2.408480, 0.079184, 0.080238
2.420580, 0.079370, 0.080436
2.432691, 0.079572, 0.080651
2.444814, 0.079787, 0.080880
2.456947, 0.080012, 0.081118
2.469092, 0.080242, 0.081362
2.481247, 0.080472, 0.081605
2.493414, 0.080697, 0.081843
2.505592, 0.080912, 0.082071
2.517781, 0.081116, 0.082285
2.529981, 0.081304, 0.082483
2.542192, 0.081477, 0.082664
2.554415, 0.081636, 0.082830
2.566649, 0.081782, 0.082982
2.578894, 0.081921, 0.083126
2.591150, 0.082056, 0.083266
2.603417, 0.082193, 0.083407
2.615696, 0.082338, 0.083556
2.627986, 0.082495, 0.083717
2.640287, 0.082668, 0.083896
2.652600, 0.082862, 0.084095
2.664923, 0.083076, 0.084316
2.677259, 0.083312, 0.084559
2.689605, 0.083568, 0.084823
2.701963, 0.083839, 0.085104
2.714332, 0.084119, 0.085395
2.726713, 0.084401, 0.085690
2.739105, 0.084676, 0.085979
2.751509, 0.084934, 0.086252
2.763924, 0.085165, 0.086501
2.776351, 0.085361, 0.086715
2.788789, 0.085511, 0.086885
2.801238, 0.085610, 0.087003
2.813699, 0.085651, 0.087065
2.826172, 0.085632, 0.087067
2.838656, 0.085553, 0.087008
2.851151, 0.085415, 0.086889
2.863659, 0.085222, 0.086714
2.876177, 0.084980, 0.086488
2.888708, 0.084695, 0.086218
2.901250, 0.084374, 0.085910
2.913804, 0.084025, 0.085572
2.926369, 0.083655, 0.085211
2.938946, 0.083271, 0.084833
2.951535, 0.082878, 0.084444
2.964135, 0.082481, 0.084049
2.976747, 0.082085, 0.083652
2.989371, 0.081692, 0.083255
3.002007, 0.081306, 0.082863
3.014654, 0.080929, 0.082477
3.027314, 0.080563, 0.082101
3.039985, 0.080212, 0.081737
3.052668, 0.079878, 0.081388
3.065362, 0.079563, 0.081057
3.078069, 0.079269, 0.080746
3.090787, 0.079001, 0.080459
3.103518, 0.078760, 0.080199
3.116260, 0.078549, 0.079969
3.129014, 0.078371, 0.079771
3.141780, 0.078227, 0.079607
3.154558, 0.078117, 0.079479
3.167348, 0.078043, 0.079386
3.180150, 0.078003, 0.079329
3.192965, 0.077995, 0.079303
3.205791, 0.078015, 0.079308
3.218629, 0.078058, 0.079336
3.231479, 0.078119, 0.079383
3.244341, 0.078191, 0.079442
3.257215, 0.078267, 0.079507
3.270102, 0.078343, 0.079571
3.283001, 0.078412, 0.079629
3.295911, 0.078471, 0.079677
3.308834, 0.078519, 0.079713
3.321769, 0.078557, 0.079739
3.334716, 0.078587, 0.079757
3.347676, 0.078614, 0.079770
3.360648, 0.078641, 0.079784
3.373632, 0.078675, 0.079804
3.386628, 0.078720, 0.079834
3.399636, 0.078779, 0.079878
3.412657, 0.078852, 0.079936
3.425690, 0.078941, 0.080010
3.438736, 0.079042, 0.080096
3.451793, 0.079151, 0.080191
3.464864, 0.079265, 0.080290
3.477946, 0.079377, 0.080390
3.491041, 0.079484, 0.080484
3.504149, 0.079581, 0.080569
3.517268, 0.079665, 0.080643
3.530401, 0.079733, 0.080702
3.543545, 0.079787, 0.080746
3.556703, 0.079825, 0.080776
3.569872, 0.079849, 0.080793
3.583055, 0.079861, 0.080799
3.596250, 0.079862, 0.080794
3.609457, 0.079854, 0.080781
3.622677, 0.079837, 0.080759
3.635910, 0.079812, 0.080729
3.649155, 0.079778, 0.080692
3.662413, 0.079737, 0.080647
3.675683, 0.079689, 0.080597
3.688966, 0.079636, 0.080543
3.702262, 0.079582, 0.080487
3.715571, 0.079528, 0.080434
3.728892, 0.079480, 0.080386
3.742226, 0.079442, 0.080347
3.755573, 0.079417, 0.080322
3.768933, 0.079408, 0.080313
3.782305, 0.079418, 0.080322
3.795690, 0.079449, 0.080351
3.809088, 0.079501, 0.080400
3.822499, 0.079573, 0.080470
3.835923, 0.079664, 0.080557
3.849360, 0.079772, 0.080662
3.862809, 0.079895, 0.080781
3.876272, 0.080029, 0.080911
3.889747, 0.080172, 0.081049
3.903236, 0.080321, 0.081193
3.916737, 0.080473, 0.081338
3.930252, 0.080625, 0.081484
3.943779, 0.080777, 0.081627
3.957320, 0.080927, 0.081768
3.970873, 0.081076, 0.081906
3.984440, 0.081223, 0.082041
3.998020, 0.081370, 0.082174
4.011613, 0.081518, 0.082307
4.025219, 0.081668, 0.082441
4.038838, 0.081819, 0.082576
4.052470, 0.081974, 0.082714
4.066116, 0.082131, 0.082855
4.079774, 0.082292, 0.083000
4.093446, 0.082457, 0.083150
4.107132, 0.082627, 0.083306
4.120830, 0.082803, 0.083470
4.134542, 0.082988, 0.083644
4.148267, 0.083183, 0.083831
4.162005, 0.083392, 0.084033
4.175757, 0.083617, 0.084254
4.189522, 0.083863, 0.084497
4.203301, 0.084133, 0.084767
4.217093, 0.084431, 0.085067
4.230898, 0.084762, 0.085401
4.244717, 0.085127, 0.085771
4.258550, 0.085531, 0.086182
4.272395, 0.085975, 0.086634
4.286255, 0.086460, 0.087129
4.300127, 0.086987, 0.087666
4.314014, 0.087555, 0.088245
4.327914, 0.088162, 0.088864
4.341827, 0.088807, 0.089521
4.355754, 0.089489, 0.090215
4.369695, 0.090204, 0.090942
4.383650, 0.090952, 0.091701
4.397618, 0.091730, 0.092490
4.411599, 0.092538, 0.093306
4.425595, 0.093374, 0.094149
4.439604, 0.094237, 0.095018
4.453627, 0.095128, 0.095912
4.467664, 0.096048, 0.096832
4.481714, 0.096996, 0.097777
4.495779, 0.097974, 0.098750
4.509857, 0.098983, 0.099751
4.523949, 0.100023, 0.100781
4.538054, 0.101097, 0.101841
4.552174, 0.102204, 0.102933
4.566308, 0.103346, 0.104058
4.580455, 0.104522, 0.105214
4.594617, 0.105733, 0.106404
4.608792, 0.106979, 0.107626
4.622982, 0.108258, 0.108878
4.637185, 0.109569, 0.110160
4.651403, 0.110912, 0.111470
4.665635, 0.112282, 0.112805
4.679880, 0.113680, 0.114164
4.694140, 0.115102, 0.115545
4.708414, 0.116546, 0.116946
4.722702, 0.118012, 0.118366
4.737004, 0.119499, 0.119806
4.751320, 0.121006, 0.121264
4.765651, 0.122535, 0.122744
4.779996, 0.124089, 0.124247
4.794355, 0.125668, 0.125776
4.808728, 0.127277, 0.127335
4.823116, 0.128919, 0.128926
4.837517, 0.130595, 0.130554
4.851934, 0.132310, 0.132220
4.866364, 0.134065, 0.133929
4.880809, 0.135865, 0.135683
4.895268, 0.137712, 0.137486
4.909742, 0.139609, 0.139340
4.924230, 0.141561, 0.141249
4.938733, 0.143570, 0.143216
4.953250, 0.145638, 0.145242
4.967782, 0.147767, 0.147329
4.982328, 0.149959, 0.149478
4.996889, 0.152213, 0.151690
5.011464, 0.154529, 0.153962
5.026054, 0.156904, 0.156293
5.040658, 0.159332, 0.158678
5.055277, 0.161806, 0.161110
5.069911, 0.164317, 0.163579
5.084559, 0.166852, 0.166074
5.099222, 0.169396, 0.168581
5.113900, 0.171936, 0.171085
5.128593, 0.174456, 0.173569
5.143300, 0.176941, 0.176020
5.158022, 0.179379, 0.178424
5.172759, 0.181760, 0.180772
5.187511, 0.184077, 0.183057
5.202277, 0.186328, 0.185278
5.217059, 0.188515, 0.187435
5.231855, 0.190643, 0.189536
5.246667, 0.192721, 0.191587
5.261493, 0.194757, 0.193597
5.276334, 0.196763, 0.195577
5.291190, 0.198746, 0.197533
5.306062, 0.200715, 0.199472
5.320948, 0.202678, 0.201399
5.335849, 0.204640, 0.203319
5.350766, 0.206609, 0.205238
5.365697, 0.208594, 0.207163
5.380644, 0.210605, 0.209104
5.395605, 0.212656, 0.211075
5.410582, 0.214764, 0.213092
5.425575, 0.216949, 0.215177
5.440582, 0.219230, 0.217350
5.455604, 0.221631, 0.219633
5.470642, 0.224169, 0.222049
5.485696, 0.226863, 0.224614
5.500764, 0.229727, 0.227344
5.515848, 0.232770, 0.230249
5.530947, 0.235999, 0.233336
5.546062, 0.239418, 0.236608
5.561191, 0.243029, 0.240069
5.576337, 0.246835, 0.243721
5.591498, 0.250841, 0.247566
5.606674, 0.255053, 0.251611
5.621866, 0.259480, 0.255864
5.637073, 0.264131, 0.260335
5.652296, 0.269014, 0.265031
5.667534, 0.274135, 0.269960
5.682789, 0.279494, 0.275124
5.698058, 0.285087, 0.280519
5.713343, 0.290906, 0.286139
5.728644, 0.296936, 0.291973
5.743961, 0.303164, 0.298006
5.759294, 0.309572, 0.304222
5.774642, 0.316145, 0.310607
5.790006, 0.322869, 0.317145
5.805385, 0.329731, 0.323827
5.820781, 0.336725, 0.330644
5.836192, 0.343847, 0.337592
5.851619, 0.351101, 0.344675
5.867062, 0.358496, 0.351902
5.882521, 0.366047, 0.359287
5.897996, 0.373774, 0.366848
5.913487, 0.381693, 0.374603
5.928994, 0.389816, 0.382566
5.944517, 0.398142, 0.390738
5.960056, 0.406656, 0.399105
5.975611, 0.415322, 0.407640
5.991182, 0.424091, 0.416294
6.006769, 0.432901, 0.425013
6.022372, 0.441690, 0.433737
6.037992, 0.450400, 0.442410
6.053627, 0.458986, 0.450988
6.069279, 0.467419, 0.459440
6.084947, 0.475683, 0.467749
6.100632, 0.483782, 0.475912
6.116332, 0.491726, 0.483937
6.132049, 0.499540, 0.491839
6.147782, 0.507254, 0.499642
6.163532, 0.514903, 0.507376
6.179298, 0.522527, 0.515077
6.195081, 0.530169, 0.522780
6.210879, 0.537872, 0.530529
6.226695, 0.545686, 0.538367
6.242527, 0.553664, 0.546346
6.258375, 0.561867, 0.554524
6.274240, 0.570368, 0.562969
6.290121, 0.579241, 0.571757
6.306019, 0.588567, 0.580968
6.321934, 0.598419, 0.590683
6.337865, 0.608863, 0.600976
6.353813, 0.619954, 0.611911
6.369778, 0.631728, 0.623540
6.385759, 0.644207, 0.635900
6.401758, 0.657393, 0.649009
6.417773, 0.671264, 0.662865
6.433804, 0.685776, 0.677440
6.449853, 0.700851, 0.692678
6.465918, 0.716383, 0.708493
6.482001, 0.732240, 0.724771
6.498100, 0.748269, 0.741375
6.514216, 0.764307, 0.758157
6.530349, 0.780193, 0.774966
6.546499, 0.795776, 0.791661
6.562666, 0.810923, 0.808115
6.578850, 0.825524, 0.824223
6.595052, 0.839491, 0.839899
6.611270, 0.852761, 0.855080
6.627505, 0.865287, 0.869718
6.643758, 0.877037, 0.883775
6.660028, 0.887987, 0.897217
6.676315, 0.898117, 0.910007
6.692619, 0.907400, 0.922099
6.708940, 0.915809, 0.933440
6.725279, 0.923314, 0.943974
6.741635, 0.929885, 0.953643
6.758009, 0.935496, 0.962397
6.774399, 0.940121, 0.970189
6.790808, 0.943733, 0.976976
6.807233, 0.946299, 0.982710
6.823676, 0.947778, 0.987340
6.840137, 0.948123, 0.990800
6.856615, 0.947277, 0.993017
6.873111, 0.945189, 0.993914
6.889624, 0.941811, 0.993415
6.906154, 0.937114, 0.991458
6.922703, 0.931093, 0.988005
6.939269, 0.923777, 0.983056
6.955853, 0.915237, 0.976654
6.972454, 0.905593, 0.968902
6.989073, 0.895007, 0.959952
7.005710, 0.883684, 0.950009
7.022365, 0.871852, 0.939312
7.039037, 0.859742, 0.928113
7.055728, 0.847571, 0.916656
7.072436, 0.835525, 0.905155
7.089162, 0.823747, 0.893787
7.105906, 0.812341, 0.882682
7.122668, 0.801369, 0.871931
7.139448, 0.790860, 0.861586
7.156246, 0.780809, 0.851663
7.173062, 0.771177, 0.842143
7.189897, 0.761896, 0.832971
7.206749, 0.752870, 0.824057
7.223619, 0.743979, 0.815285
7.240508, 0.735094, 0.806521
7.257415, 0.726080, 0.797620
7.274340, 0.716813, 0.788445
7.291283, 0.707186, 0.778869
7.308245, 0.697111, 0.768785
7.325225, 0.686517, 0.758106
7.342223, 0.675352, 0.746760
7.359239, 0.663576, 0.734690
7.376274, 0.651160, 0.721851
7.393328, 0.638094, 0.708217
7.410400, 0.624391, 0.693791
7.427490, 0.610096, 0.678610
7.444599, 0.595295, 0.662760
7.461727, 0.580108, 0.646370
7.478873, 0.564681, 0.629601
7.496037, 0.549173, 0.612637
7.513221, 0.533734, 0.595653
7.530423, 0.518498, 0.578809
7.547643, 0.503567, 0.562233
7.564883, 0.489017, 0.546021
7.582141, 0.474891, 0.530234
7.599418, 0.461208, 0.514901
7.616714, 0.447964, 0.500026
7.634029, 0.435134, 0.485587
7.651362, 0.422676, 0.471545
7.668715, 0.410539, 0.457846
7.686086, 0.398670, 0.444434
7.703477, 0.387023, 0.431261
7.720886, 0.375567, 0.418291
7.738314, 0.364288, 0.405511
7.755762, 0.353193, 0.392930
7.773229, 0.342302, 0.380571
7.790715, 0.331640, 0.368465
7.808220, 0.321234, 0.356643
7.825744, 0.311102, 0.345131
7.843287, 0.301263, 0.333949
7.860850, 0.291732, 0.323116
7.878432, 0.282526, 0.312654
7.896033, 0.273665, 0.302583
7.913654, 0.265170, 0.292929
7.931294, 0.257063, 0.283717
7.948953, 0.249364, 0.274969
7.966632, 0.242083, 0.266697
7.984331, 0.235224, 0.258906
8.002049, 0.228779, 0.251588
8.019786, 0.222732, 0.244721
8.037543, 0.217056, 0.238278
8.055320, 0.211722, 0.232221
8.073117, 0.206695, 0.226514
8.090933, 0.201945, 0.221123
8.108768, 0.197445, 0.216016
8.126624, 0.193170, 0.211167
8.144499, 0.189094, 0.206547
8.162394, 0.185192, 0.202130
8.180309, 0.181432, 0.197883
8.198244, 0.177783, 0.193773
8.216199, 0.174215, 0.189767
8.234174, 0.170700, 0.185837
8.252168, 0.167218, 0.181959
8.270183, 0.163756, 0.178115
8.288218, 0.160301, 0.174291
8.306273, 0.156850, 0.170479
8.324348, 0.153398, 0.166671
8.342443, 0.149945, 0.162862
8.360558, 0.146495, 0.159052
8.378694, 0.143057, 0.155248
8.396849, 0.139643, 0.151462
8.415025, 0.136270, 0.147712
8.433222, 0.132957, 0.144020
8.451438, 0.129724, 0.140409
8.469676, 0.126590, 0.136902
8.487933, 0.123569, 0.133518
8.506211, 0.120672, 0.130271
8.524509, 0.117904, 0.127168
8.542828, 0.115265, 0.124212
8.561168, 0.112748, 0.121397
8.579528, 0.110346, 0.118714
8.597909, 0.108049, 0.116154
8.616310, 0.105846, 0.113703
8.634732, 0.103729, 0.111352
8.653175, 0.101690, 0.109090
8.671639, 0.099723, 0.106911
8.690123, 0.097820, 0.104806
8.708629, 0.095974, 0.102767
8.727155, 0.094180, 0.100787
8.745702, 0.092427, 0.098855
8.764270, 0.090709, 0.096962
8.782859, 0.089018, 0.095097
8.801469, 0.087347, 0.093253
8.820100, 0.085692, 0.091424
8.838752, 0.084050, 0.089607
8.857425, 0.082419, 0.087800
8.876119, 0.080800, 0.086007
8.894835, 0.079196, 0.084231
8.913572, 0.077613, 0.082482
8.932330, 0.076058, 0.080769
8.951109, 0.074542, 0.079103
8.969910, 0.073074, 0.077494
8.988732, 0.071661, 0.075950
9.007575, 0.070309, 0.074474
9.026440, 0.069019, 0.073069
9.045327, 0.067790, 0.071731
9.064235, 0.066622, 0.070457
9.083164, 0.065509, 0.069244
9.102115, 0.064450, 0.068087
9.121088, 0.063440, 0.066982
9.140082, 0.062477, 0.065925
9.159098, 0.061556, 0.064914
9.178136, 0.060675, 0.063945
9.197196, 0.059831, 0.063016
9.216277, 0.059018, 0.062121
9.235380, 0.058232, 0.061255
9.254506, 0.057465, 0.060412
9.273653, 0.056709, 0.059583
9.292822, 0.055955, 0.058758
9.312013, 0.055194, 0.057929
9.331226, 0.054420, 0.057088
9.350461, 0.053627, 0.056229
9.369719, 0.052811, 0.055346
9.388998, 0.051970, 0.054437
9.408300, 0.051106, 0.053504
9.427624, 0.050221, 0.052548
9.446970, 0.049324, 0.051578
9.466338, 0.048423, 0.050602
9.485729, 0.047531, 0.049634
9.505142, 0.046659, 0.048686
9.524578, 0.045822, 0.047773
9.544036, 0.045028, 0.046904
9.563517, 0.044287, 0.046090
9.583020, 0.043603, 0.045337
9.602546, 0.042979, 0.044646
9.622094, 0.042414, 0.044018
9.641665, 0.041906, 0.043452
9.661259, 0.041450, 0.042941
9.680875, 0.041039, 0.042480
9.700515, 0.040666, 0.042061
9.720177, 0.040324, 0.041675
9.739862, 0.040004, 0.041314
9.759570, 0.039700, 0.040973
9.779300, 0.039408, 0.040645
9.799054, 0.039126, 0.040328
9.818831, 0.038852, 0.040021
9.838631, 0.038586, 0.039722
9.858454, 0.038330, 0.039435
9.878300, 0.038086, 0.039158
9.898169, 0.037856, 0.038896
9.918061, 0.037641, 0.038649
9.937977, 0.037446, 0.038422
9.957916, 0.037272, 0.038217
9.977879, 0.037126, 0.038040
9.997865, 0.037011, 0.037895
10.017874, 0.036931, 0.037785
10.037906, 0.036887, 0.037712
10.057963, 0.036878, 0.037675
10.078042, 0.036901, 0.037670
10.098146, 0.036951, 0.037693
10.118273, 0.037020, 0.037735
10.138423, 0.037101, 0.037790
10.158598, 0.037190, 0.037852
10.178796, 0.037280, 0.037915
10.199018, 0.037365, 0.037974
10.219264, 0.037442, 0.038022
10.239533, 0.037503, 0.038056
10.259827, 0.037545, 0.038067
10.280144, 0.037562, 0.038055
10.300486, 0.037555, 0.038017
10.320852, 0.037527, 0.037959
10.341241, 0.037485, 0.037886
10.361655, 0.037436, 0.037808
10.382093, 0.037388, 0.037731
10.402555, 0.037346, 0.037662
10.423042, 0.037314, 0.037603
10.443553, 0.037294, 0.037557
10.464088, 0.037292, 0.037529
10.484648, 0.037310, 0.037522
10.505232, 0.037356, 0.037542
10.525840, 0.037435, 0.037595
10.546473, 0.037552, 0.037684
10.567131, 0.037708, 0.037812
10.587813, 0.037904, 0.037978
10.608520, 0.038137, 0.038180
10.629252, 0.038399, 0.038410
10.650008, 0.038683, 0.038661
10.670789, 0.038981, 0.038923
10.691595, 0.039283, 0.039190
10.712426, 0.039583, 0.039454
10.733282, 0.039874, 0.039709
10.754163, 0.040151, 0.039950
10.775069, 0.040409, 0.040172
10.796000, 0.040645, 0.040372
10.816956, 0.040857, 0.040548
10.837937, 0.041046, 0.040702
10.858943, 0.041215, 0.040834
10.879975, 0.041369, 0.040950
10.901032, 0.041514, 0.041055
10.922114, 0.041654, 0.041154
10.943222, 0.041795, 0.041251
10.964355, 0.041940, 0.041349
10.985513, 0.042092, 0.041451
11.006697, 0.042254, 0.041559
11.027907, 0.042431, 0.041677
11.049142, 0.042628, 0.041811
11.070403, 0.042853, 0.041967
11.091689, 0.043118, 0.042155
11.113002, 0.043435, 0.042389
11.134340, 0.043819, 0.042681
11.155704, 0.044286, 0.043047
11.177094, 0.044849, 0.043500
11.198510, 0.045520, 0.044051
11.219951, 0.046313, 0.044713
11.241419, 0.047237, 0.045494
11.262913, 0.048303, 0.046404
11.284433, 0.049523, 0.047452
11.305979, 0.050904, 0.048647
11.327552, 0.052455, 0.049994
11.349150, 0.054176, 0.051496
11.370775, 0.056062, 0.053149
11.392427, 0.058099, 0.054941
11.414105, 0.060262, 0.056853
11.435809, 0.062520, 0.058858
11.457540, 0.064838, 0.060924
11.479297, 0.067175, 0.063015
11.501081, 0.069491, 0.065096
11.522892, 0.071742, 0.067126
11.544729, 0.073884, 0.069066
11.566593, 0.075875, 0.070875
11.588484, 0.077679, 0.072521
11.610402, 0.079279, 0.073985
11.632346, 0.080684, 0.075272
11.654318, 0.081932, 0.076411
11.676317, 0.083082, 0.077454
11.698342, 0.084208, 0.078463
11.720395, 0.085377, 0.079499
11.742475, 0.086644, 0.080610
11.764582, 0.088031, 0.081821
11.786717, 0.089531, 0.083129
11.808878, 0.091102, 0.084504
11.831067, 0.092683, 0.085898
11.853284, 0.094206, 0.087255
11.875528, 0.095618, 0.088531
11.897799, 0.096891, 0.089705
11.920098, 0.098028, 0.090776
11.942425, 0.099054, 0.091764
11.964779, 0.100008, 0.092695
11.987161, 0.100928, 0.093596
12.009571, 0.101842, 0.094487
12.032008, 0.102765, 0.095376
12.054474, 0.103693, 0.096261
12.076967, 0.104608, 0.097129
12.099488, 0.105484, 0.097962
12.122038, 0.106295, 0.098740
12.144615, 0.107022, 0.099451
12.167221, 0.107663, 0.100088
12.189854, 0.108226, 0.100658
12.212516, 0.108732, 0.101176
12.235207, 0.109205, 0.101660
12.257925, 0.109663, 0.102128
12.280672, 0.110115, 0.102589
12.303448, 0.110561, 0.103045
12.326252, 0.110994, 0.103491
12.349084, 0.111406, 0.103918
12.371945, 0.111790, 0.104321
12.394835, 0.112151, 0.104702
12.417754, 0.112503, 0.105075
12.440701, 0.112875, 0.105464
12.463677, 0.113295, 0.105898
12.486682, 0.113784, 0.106399
12.509716, 0.114342, 0.106970
12.532779, 0.114944, 0.107590
12.555871, 0.115540, 0.108215
12.578992, 0.116068, 0.108791
12.602142, 0.116468, 0.109261
12.625321, 0.116696, 0.109583
12.648530, 0.116728, 0.109734
12.671768, 0.116563, 0.109710
12.695035, 0.116224, 0.109529
12.718332, 0.115755, 0.109224
12.741658, 0.115218, 0.108847
12.765014, 0.114682, 0.108455
12.788399, 0.114214, 0.108105
12.811814, 0.113863, 0.107843
12.835259, 0.113659, 0.107697
12.858734, 0.113611, 0.107680
12.882238, 0.113715, 0.107791
12.905772, 0.113952, 0.108024
12.929336, 0.114302, 0.108363
12.952931, 0.114737, 0.108789
12.976555, 0.115235, 0.109286
13.000209, 0.115776, 0.109838
13.023894, 0.116345, 0.110428
13.047608, 0.116920, 0.111039
13.071353, 0.117474, 0.111645
13.095129, 0.117968, 0.112211
13.118935, 0.118362, 0.112703
13.142771, 0.118623, 0.113089
13.166637, 0.118730, 0.113350
13.190535, 0.118681, 0.113476
13.214463, 0.118485, 0.113470
13.238421, 0.118166, 0.113346
13.262411, 0.117757, 0.113127
13.286431, 0.117302, 0.112848
13.310482, 0.116846, 0.112546
13.334564, 0.116430, 0.112260
13.358677, 0.116089, 0.112024
13.382821, 0.115846, 0.111859
13.406996, 0.115708, 0.111775
13.431202, 0.115662, 0.111768
13.455440, 0.115678, 0.111813
13.479709, 0.115710, 0.111876
13.504009, 0.115711, 0.111916
13.528340, 0.115640, 0.111901
13.552703, 0.115476, 0.111815
13.577098, 0.115227, 0.111663
13.601524, 0.114926, 0.111473
13.625982, 0.114623, 0.111291
13.650471, 0.114372, 0.111164
13.674993, 0.114219, 0.111135
13.699546, 0.114190, 0.111233
13.724131, 0.114292, 0.111467
13.748748, 0.114511, 0.111830
13.773397, 0.114822, 0.112301
13.798078, 0.115197, 0.112852
13.822792, 0.115612, 0.113458
13.847537, 0.116052, 0.114101
13.872315, 0.116511, 0.114770
13.897125, 0.116991, 0.115464
13.921968, 0.117496, 0.116181
13.946843, 0.118031, 0.116924
13.971750, 0.118602, 0.117696
13.996690, 0.119216, 0.118499
14.021663, 0.119878, 0.119334
14.046669, 0.120593, 0.120201
14.071707, 0.121359, 0.121098
14.096778, 0.122168, 0.122014
14.121882, 0.123006, 0.122937
14.147020, 0.123864, 0.123859
14.172190, 0.124740, 0.124782
14.197393, 0.125652, 0.125728
14.222629, 0.126628, 0.126734
14.247899, 0.127707, 0.127842
14.273202, 0.128918, 0.129090
14.298538, 0.130283, 0.130504
14.323908, 0.131808, 0.132092
14.349311, 0.133495, 0.133848
14.374748, 0.135338, 0.135760
14.400219, 0.137328, 0.137812
14.425723, 0.139454, 0.139986
14.451261, 0.141707, 0.142273
14.476833, 0.144080, 0.144666
14.502439, 0.146572, 0.147164
14.528079, 0.149177, 0.149767
14.553752, 0.151884, 0.152468
14.579460, 0.154671, 0.155246
14.605202, 0.157500, 0.158066
14.630979, 0.160322, 0.160879
14.656789, 0.163080, 0.163626
14.682634, 0.165724, 0.166258
14.708514, 0.168229, 0.168747
14.734428, 0.170604, 0.171107
14.760376, 0.172899, 0.173387
14.786360, 0.175186, 0.175662
14.812378, 0.177539, 0.178007
14.838431, 0.180009, 0.180476
14.864518, 0.182612, 0.183086
14.890641, 0.185327, 0.185825
14.916799, 0.188118, 0.188657
14.942991, 0.190942, 0.191543
14.969219, 0.193764, 0.194445
14.995482, 0.196550, 0.197323
15.021781, 0.199261, 0.200128
15.048114, 0.201847, 0.202800
15.074484, 0.204260, 0.205280
15.100888, 0.206466, 0.207524
15.127329, 0.208462, 0.209518
15.153804, 0.210275, 0.211280
15.180316, 0.211954, 0.212853
15.206864, 0.213554, 0.214289
15.233447, 0.215122, 0.215634
15.260066, 0.216680, 0.216915
15.286721, 0.218209, 0.218123
15.313413, 0.219651, 0.219215
15.340140, 0.220924, 0.220126
15.366904, 0.221966, 0.220817
15.393704, 0.222784, 0.221308
15.420541, 0.223475, 0.221704
15.447414, 0.224212, 0.222181
15.474323, 0.225197, 0.222933
15.501269, 0.226593, 0.224113
15.528252, 0.228483, 0.225799
15.555271, 0.230852, 0.227969
15.582328, 0.233598, 0.230529
15.609421, 0.236571, 0.233338
15.636551, 0.239616, 0.236250
15.663718, 0.242611, 0.239146
15.690923, 0.245502, 0.241967
15.718164, 0.248313, 0.244717
15.745443, 0.251129, 0.247459
15.772760, 0.254054, 0.250271
15.800113, 0.257162, 0.253201
15.827504, 0.260454, 0.256240
15.854933, 0.263862, 0.259318
15.882400, 0.267257, 0.262328
15.909904, 0.270484, 0.265157
15.937446, 0.273379, 0.267695
15.965026, 0.275802, 0.269861
15.992644, 0.277688, 0.271626
16.020300, 0.279068, 0.273032
16.047994, 0.280069, 0.274184
16.075727, 0.280843, 0.275198
16.103497, 0.281494, 0.276138
16.131306, 0.282013, 0.276963
16.159154, 0.282280, 0.277530
16.187040, 0.282132, 0.277652
16.214964, 0.281451, 0.277193
16.242928, 0.280229, 0.276126
16.270930, 0.278560, 0.274543
16.298971, 0.276602, 0.272615
16.327051, 0.274526, 0.270538
16.355170, 0.272483, 0.268498
16.383328, 0.270603, 0.266652
16.411525, 0.268997, 0.265122
16.439762, 0.267763, 0.264008
16.468038, 0.266988, 0.263387
16.496353, 0.266745, 0.263317
16.524708, 0.267085, 0.263840
16.553102, 0.268027, 0.264969
16.581536, 0.269557, 0.266688
16.610010, 0.271622, 0.268941
16.638524, 0.274136, 0.271636
16.667077, 0.276994, 0.274663
16.695671, 0.280098, 0.277917
16.724305, 0.283375, 0.281321
16.752978, 0.286785, 0.284834
16.781693, 0.290308, 0.288437
16.810447, 0.293924, 0.292111
16.839242, 0.297592, 0.295817
16.868078, 0.301243, 0.299488
16.896954, 0.304769, 0.303027
16.925870, 0.308033, 0.306313
16.954828, 0.310900, 0.309230
16.983826, 0.313274, 0.311698
17.012866, 0.315119, 0.313694
17.041946, 0.316458, 0.315243
17.071068, 0.317351, 0.316397
17.100231, 0.317872, 0.317220
17.129435, 0.318094, 0.317770
17.158680, 0.318089, 0.318100
17.187967, 0.317939, 0.318274
17.217295, 0.317736, 0.318362
17.246666, 0.317578, 0.318445
17.276078, 0.317570, 0.318605
17.305531, 0.317815, 0.318931
17.335027, 0.318394, 0.319492
17.364565, 0.319316, 0.320298
17.394144, 0.320498, 0.321287
17.423766, 0.321803, 0.322364
17.453430, 0.323143, 0.323482
17.483137, 0.324553, 0.324706
17.512886, 0.326179, 0.326194
17.542678, 0.328207, 0.328124
17.572512, 0.330786, 0.330630
17.602389, 0.333993, 0.333778
17.632309, 0.337849, 0.337583
17.662271, 0.342317, 0.342009
17.692277, 0.347275, 0.346939
17.722326, 0.352486, 0.352141
17.752418, 0.357607, 0.357271
17.782553, 0.362289, 0.361960
17.812732, 0.366283, 0.365936
17.842954, 0.369525, 0.369114
17.873220, 0.372134, 0.371615
17.903530, 0.374334, 0.373695
17.933883, 0.376380, 0.375644
17.964280, 0.378485, 0.377709
17.994721, 0.380792, 0.380049
18.025206, 0.383358, 0.382726
18.055735, 0.386143, 0.385704
18.086308, 0.388995, 0.388836
18.116926, 0.391665, 0.391869
18.147588, 0.393860, 0.394498
18.178295, 0.395322, 0.396437
18.209047, 0.395889, 0.397487
18.239843, 0.395527, 0.397579
18.270683, 0.394347, 0.396797
18.301569, 0.392619, 0.395394
18.332500, 0.390747, 0.393774
18.363476, 0.389196, 0.392407
18.394497, 0.388394, 0.391729
18.425564, 0.388659, 0.392057
18.456676, 0.390176, 0.393570
18.487833, 0.393028, 0.396345
18.519036, 0.397228, 0.400399
18.550285, 0.402743, 0.405720
18.581579, 0.409499, 0.412268
18.612920, 0.417389, 0.419975
18.644306, 0.426283, 0.428740
18.675739, 0.436006, 0.438403
18.707217, 0.446260, 0.448669
18.738743, 0.456542, 0.459023
18.770314, 0.466102, 0.468693
18.801932, 0.474049, 0.476756
18.833597, 0.479627, 0.482426
18.865308, 0.482527, 0.485366
18.897067, 0.482999, 0.485808
18.928872, 0.481683, 0.484384
18.960724, 0.479296, 0.481806
18.992623, 0.476392, 0.478642
19.024570, 0.473331, 0.475279
19.056564, 0.470392, 0.472034
19.088605, 0.467913, 0.469268
19.120694, 0.466336, 0.467435
19.152831, 0.466133, 0.467004
19.185015, 0.467656, 0.468321
19.217248, 0.471023, 0.471506
19.249528, 0.476116, 0.476453
19.281857, 0.482687, 0.482921
19.314233, 0.490458, 0.490626
19.346658, 0.499128, 0.499246
19.379132, 0.508325, 0.508383
19.411653, 0.517606, 0.517566
19.444224, 0.526515, 0.526339
19.476843, 0.534666, 0.534337
19.509511, 0.541789, 0.541318
19.542229, 0.547690, 0.547110
19.574995, 0.552183, 0.551533
19.607810, 0.555070, 0.554378
19.640675, 0.556209, 0.555486
19.673589, 0.555638, 0.554885
19.706553, 0.553649, 0.552872
19.739566, 0.550765, 0.549981
19.772629, 0.547613, 0.546849
19.805742, 0.544790, 0.544079
19.838905, 0.542802, 0.542177
19.872118, 0.542064, 0.541558
19.905381, 0.542938, 0.542575
19.938694, 0.545736, 0.545520
19.972058, 0.550690, 0.550589
20.005473, 0.557858, 0.557802
20.038938, 0.567066, 0.566969
20.072454, 0.577918, 0.577695
20.106020, 0.589842, 0.589420
20.139638, 0.602116, 0.601441
20.173307, 0.613971, 0.613003
20.207027, 0.624814, 0.623535
20.240799, 0.634448, 0.632856
20.274622, 0.643053, 0.641160
20.308496, 0.650942, 0.648770
20.342422, 0.658274, 0.655847
20.376400, 0.664906, 0.662260
20.410431, 0.670471, 0.667651
20.444513, 0.674588, 0.671637
20.478647, 0.677056, 0.673997
20.512833, 0.677955, 0.674778
20.547072, 0.677705, 0.674375
20.581364, 0.677049, 0.673526
20.615708, 0.676843, 0.673110
20.650105, 0.677701, 0.673787
20.684555, 0.679778, 0.675759
20.719058, 0.682871, 0.678857
20.753614, 0.686719, 0.682827
20.788224, 0.691193, 0.687524
20.822886, 0.696292, 0.692908
20.857603, 0.702086, 0.698999
20.892373, 0.708705, 0.705868
20.927196, 0.716332, 0.713642
20.962074, 0.725139, 0.722457
20.997006, 0.735243, 0.732424
21.031991, 0.746693, 0.743622
21.067031, 0.759400, 0.756024
21.102126, 0.773022, 0.769345
21.137275, 0.786953, 0.783018
21.172478, 0.800473, 0.796315
21.207737, 0.812865, 0.808482
21.243050, 0.823492, 0.818856
21.278419, 0.831968, 0.827057
21.313842, 0.838350, 0.833179
21.349321, 0.843053, 0.837687
21.384855, 0.846493, 0.841026
21.420445, 0.848853, 0.843388
21.456091, 0.850242, 0.844868
21.491792, 0.850981, 0.845764
21.527549, 0.851712, 0.846697
21.563363, 0.853289, 0.848505
21.599232, 0.856625, 0.852080
21.635158, 0.862584, 0.858241
21.671141, 0.871779, 0.867545
21.707180, 0.884253, 0.879994
21.743275, 0.899274, 0.894853
21.779428, 0.915498, 0.910796
21.815638, 0.931387, 0.926301
21.851904, 0.945596, 0.940040
21.888228, 0.957183, 0.951103
21.924610, 0.965748, 0.959128
21.961049, 0.971602, 0.964455
21.997546, 0.975921, 0.968280
22.034100, 0.980618, 0.972514
22.070713, 0.987789, 0.979233
22.107383, 0.998986, 0.989973
22.144112, 1.014658, 1.005177
22.180900, 1.033876, 1.023921
22.217745, 1.054394, 1.043969
22.254650, 1.073198, 1.062312
22.291613, 1.087501, 1.076181
22.328635, 1.095794, 1.084096
22.365717, 1.098433, 1.086456
22.402857, 1.097428, 1.085292
22.440057, 1.095443, 1.083261
22.477316, 1.094574, 1.082433
22.514635, 1.095718, 1.083665
22.552014, 1.098768, 1.086800
22.589453, 1.103122, 1.091180
22.626952, 1.108084, 1.096072
22.664511, 1.113228, 1.101054
22.702131, 1.118778, 1.106382
22.739810, 1.125624, 1.112981
22.777551, 1.134831, 1.121938
22.815353, 1.147048, 1.133909
22.853215, 1.162278, 1.148892
22.891139, 1.179900, 1.166246
22.929123, 1.198754, 1.184790
22.967170, 1.217423, 1.203095
23.005277, 1.234771, 1.220010
23.043447, 1.250376, 1.235081
23.081678, 1.264569, 1.248606
23.119971, 1.278006, 1.261254
23.158327, 1.290952, 1.273403
23.196745, 1.302848, 1.284678
23.235225, 1.312609, 1.294127
23.273768, 1.319316, 1.300801
23.312373, 1.322631, 1.304162
23.351042, 1.322832, 1.304234
23.389773, 1.320706, 1.301620
23.428568, 1.317366, 1.297356
23.467426, 1.314015, 1.292657
23.506348, 1.311702, 1.288617
23.545333, 1.311076, 1.285907
23.584383, 1.312291, 1.284651
23.623496, 1.315150, 1.284625
23.662673, 1.319343, 1.285576
23.701915, 1.324630, 1.287435
23.741221, 1.330949, 1.290324
23.780592, 1.338353, 1.294407
23.820028, 1.346814, 1.299686
23.859528, 1.356250, 1.306028
23.899094, 1.366944, 1.313518
23.938725, 1.379803, 1.322703
23.978421, 1.395842, 1.334233
24.018183, 1.415144, 1.348053
24.058011, 1.436392, 1.363057
24.097905, 1.457523, 1.377669
24.137865, 1.476951, 1.390839
24.177891, 1.494478, 1.402704
24.217983, 1.511273, 1.414470
24.258142, 1.528851, 1.427534
24.298368, 1.548007, 1.442648
24.338661, 1.568525, 1.459745
24.379021, 1.589468, 1.478163
24.419448, 1.609726, 1.496941
24.459943, 1.628604, 1.515211
24.500505, 1.646001, 1.532440
24.541134, 1.662074, 1.548400
24.581832, 1.676834, 1.562983
24.622598, 1.690033, 1.576018
24.663432, 1.701184, 1.587132
24.704335, 1.709755, 1.595869
24.745306, 1.715684, 1.602219
24.786346, 1.719701, 1.606924
24.827455, 1.722900, 1.610984
24.868633, 1.726150, 1.615074
24.909881, 1.730125, 1.619747
24.951198, 1.735699, 1.625984
24.992584, 1.743756, 1.635029
25.034041, 1.754341, 1.647401
25.075567, 1.766282, 1.662280
25.117164, 1.777927, 1.678009
25.158831, 1.788307, 1.693263
25.200568, 1.797656, 1.707773
25.242377, 1.806958, 1.722009
25.284256, 1.817049, 1.736374
25.326206, 1.827972, 1.750661
25.368228, 1.838833, 1.763997
25.410321, 1.848554, 1.775489
25.452485, 1.857288, 1.785462
25.494722, 1.866942, 1.795940
25.537030, 1.879883, 1.809448
25.579411, 1.897050, 1.827110
25.621864, 1.917137, 1.847698
25.664390, 1.937346, 1.868275
25.706988, 1.954930, 1.885838
25.749659, 1.968566, 1.898854
25.792403, 1.978977, 1.907987
25.835221, 1.988563, 1.915669
25.878112, 2.000096, 1.924714
25.921077, 2.015214, 1.936819
25.964116, 2.033545, 1.951739
26.007229, 2.052866, 1.967438
26.050416, 2.070341, 1.981258
26.093677, 2.084249, 1.991502
26.137013, 2.095136, 1.998477
26.180424, 2.105698, 2.004455
26.223910, 2.119278, 2.012429
26.267471, 2.137903, 2.024418
26.311108, 2.161687, 2.040915
26.354820, 2.189864, 2.061695
26.398608, 2.221606, 2.086384
26.442472, 2.255883, 2.114224
26.486413, 2.291321, 2.143967
26.530429, 2.326371, 2.174118
26.574522, 2.359476, 2.203151
26.618692, 2.389465, 2.229990
26.662940, 2.416272, 2.254748
26.707264, 2.441089, 2.278803
26.751665, 2.465611, 2.303835
26.796145, 2.490991, 2.330639
26.840702, 2.516866, 2.358330
26.885337, 2.541043, 2.384364
26.930050, 2.560993, 2.406194
26.974842, 2.576229, 2.423552
27.019712, 2.588988, 2.438991
27.064662, 2.602256, 2.455916
27.109690, 2.616932, 2.475762
27.154798, 2.630840, 2.496700
27.199985, 2.640137, 2.514648
27.245251, 2.641661, 2.525631
27.290598, 2.635503, 2.528722
27.336025, 2.626241, 2.527735
27.381532, 2.620798, 2.529349
27.427119, 2.624886, 2.539381
27.472788, 2.641171, 2.560559
27.518537, 2.669071, 2.592239
27.564367, 2.704908, 2.630835
27.610279, 2.742690, 2.670857
27.656272, 2.776142, 2.706802
27.702348, 2.800826, 2.734858
27.748505, 2.814769, 2.753261
27.794744, 2.817624, 2.761391
27.841067, 2.809976, 2.759048
27.887471, 2.794015, 2.747364
27.933959, 2.774091, 2.730061
27.980530, 2.754787, 2.712117
28.027184, 2.738457, 2.697003
28.073922, 2.725986, 2.686537
28.120743, 2.718967, 2.682732
28.167649, 2.718971, 2.687452
28.214639, 2.724667, 2.699710
28.261713, 2.731413, 2.715004
28.308872, 2.734374, 2.728262
28.356116, 2.730696, 2.736118
28.403446, 2.718800, 2.736190
28.450860, 2.698226, 2.726876
28.498361, 2.670506, 2.708746
28.545947, 2.638614, 2.684487
28.593619, 2.605932, 2.657598
28.641378, 2.576132, 2.631852
28.689223, 2.552191, 2.610462
28.737155, 2.534438, 2.594399
28.785174, 2.519685, 2.581341
28.833280, 2.502794, 2.566657
28.881474, 2.479893, 2.546206
28.929756, 2.450401, 2.518472
28.978126, 2.416512, 2.484732
29.026584, 2.381553, 2.448116
29.075130, 2.348388, 2.412073
29.123765, 2.318704, 2.379072
29.172489, 2.293685, 2.350757
29.221303, 2.274484, 2.328359
29.270206, 2.261129, 2.311754
29.319198, 2.251626, 2.298697
29.368281, 2.243088, 2.286247
29.417453, 2.233159, 2.272492
29.466717, 2.218969, 2.255253
29.516071, 2.196471, 2.230702
29.565515, 2.163486, 2.196103
29.615051, 2.122844, 2.153474
29.664679, 2.080856, 2.108821
29.714398, 2.042067, 2.067077
29.764209, 2.006254, 2.028584
29.814113, 1.970762, 1.990886
29.864109, 1.934183, 1.952330
29.914197, 1.898035, 1.913973
29.964379, 1.865964, 1.879131
30.014654, 1.841110, 1.851012
30.065022, 1.824012, 1.830640
30.115484, 1.812135, 1.816044
30.166041, 1.800940, 1.802887
30.216691, 1.786374, 1.786895
30.267436, 1.766815, 1.766112
30.318276, 1.742646, 1.740663
30.369211, 1.714476, 1.711003
30.420242, 1.682502, 1.677373
30.471368, 1.647664, 1.640954
30.522589, 1.611977, 1.604014
30.573908, 1.577460, 1.568680
30.625322, 1.545767, 1.536578
30.676833, 1.518521, 1.509171
30.728442, 1.496874, 1.487412
30.780147, 1.480202, 1.470573
30.831950, 1.465299, 1.455414
30.883851, 1.447920, 1.437612
30.935850, 1.425830, 1.414884
30.987947, 1.399928, 1.388259
31.040143, 1.373080, 1.360825
31.092438, 1.348873, 1.336297
31.144832, 1.329644, 1.317087
31.197326, 1.314142, 1.302068
31.249919, 1.298313, 1.287246
31.302613, 1.278872, 1.269191
31.355406, 1.255668, 1.247451
31.408301, 1.231027, 1.224076
31.461296, 1.207564, 1.201530
31.514393, 1.186915, 1.181466
31.567591, 1.169826, 1.164778
31.620891, 1.156303, 1.151605
31.674292, 1.145697, 1.141310
31.727797, 1.137462, 1.133286
31.781404, 1.131647, 1.127595
31.835114, 1.127959, 1.124107
31.888927, 1.124732, 1.121353
31.942844, 1.119616, 1.117071
31.996864, 1.111422, 1.109969
32.050989, 1.100819, 1.100444
32.105219, 1.089309, 1.089750
32.159553, 1.078088, 1.079017
32.213992, 1.067340, 1.068547
32.268536, 1.056201, 1.057716
32.323186, 1.043903, 1.045936
32.377943, 1.030682, 1.033332
32.432805, 1.017693, 1.020703
32.487774, 1.006339, 1.009218
32.542850, 0.997378, 0.999731
32.598033, 0.990564, 0.992341
32.653324, 0.985303, 0.986812
32.708723, 0.981146, 0.982816
32.764230, 0.977442, 0.979575
32.819845, 0.973512, 0.976188
32.875569, 0.969180, 0.972257
32.931403, 0.964491, 0.967661
32.987345, 0.959462, 0.962394
33.043398, 0.954009, 0.956485
33.099560, 0.947477, 0.949352
33.155833, 0.938947, 0.940046
33.212217, 0.928562, 0.928691
33.268712, 0.917682, 0.916633
33.325318, 0.907710, 0.905243
33.382036, 0.899711, 0.895589
33.438866, 0.894427, 0.888471
33.495809, 0.892184, 0.884221
33.552864, 0.893275, 0.883120
33.610032, 0.897838, 0.885448
33.667314, 0.905389, 0.891001
33.724710, 0.914227, 0.898454
33.782219, 0.921062, 0.904939
33.839843, 0.922671, 0.907333
33.897582, 0.918220, 0.904360
33.955435, 0.909114, 0.896841
34.013405, 0.897338, 0.886505
34.071490, 0.885296, 0.875749
34.129691, 0.875674, 0.867346
34.188009, 0.870186, 0.863088
34.246443, 0.868761, 0.862901
34.304995, 0.869342, 0.864749
34.363664, 0.868859, 0.865649
34.422451, 0.865886, 0.864256
34.481357, 0.861371, 0.861643
34.540381, 0.856348, 0.858861
34.599524, 0.850606, 0.855392
34.658786, 0.843479, 0.850186
34.718168, 0.834762, 0.842928
34.777670, 0.824358, 0.833619
34.837293, 0.811570, 0.821580
34.897036, 0.795917, 0.806182
34.956901, 0.779020, 0.788963
35.016887, 0.763975, 0.773237
35.076995, 0.752296, 0.760934
35.137225, 0.743139, 0.751513
35.197578, 0.735514, 0.743972
35.258054, 0.729606, 0.738381
35.318653, 0.725370, 0.734838
35.379376, 0.721021, 0.731737
35.440223, 0.714243, 0.726535
35.501195, 0.704770, 0.718454
35.562291, 0.694875, 0.709456
35.623513, 0.687790, 0.702841
35.684861, 0.685365, 0.700838
35.746334, 0.686252, 0.702544
35.807935, 0.686953, 0.704652
35.869661, 0.684379, 0.703987
35.931516, 0.677015, 0.698738
35.993498, 0.665155, 0.688654
36.055607, 0.651461, 0.675903
36.117846, 0.639458, 0.664092
36.180213, 0.630998, 0.655635
36.242709, 0.625984, 0.650966
36.305335, 0.623707, 0.649528
36.368091, 0.623671, 0.650732
36.430978, 0.624388, 0.653163
36.493995, 0.622615, 0.653579
36.557144, 0.615876, 0.648977
36.620424, 0.604744, 0.639205
36.683836, 0.591466, 0.626133
36.747381, 0.577971, 0.611830
36.811059, 0.564895, 0.597476
36.874870, 0.551377, 0.582673
36.938815, 0.537165, 0.567238
37.002894, 0.524169, 0.553091
37.067107, 0.514619, 0.542611
37.131456, 0.509452, 0.537002
37.195940, 0.508259, 0.536226
37.260560, 0.509530, 0.538859
37.325316, 0.511148, 0.542368
37.390209, 0.511252, 0.544262
37.455239, 0.508958, 0.543260
37.520407, 0.504211, 0.539342
37.585712, 0.497568, 0.533189
37.651157, 0.490743, 0.526531
37.716740, 0.485673, 0.521477
37.782462, 0.482220, 0.518292
37.848324, 0.478124, 0.515101
37.914327, 0.471232, 0.509846
37.980470, 0.460668, 0.501447
38.046754, 0.446922, 0.490059
38.113180, 0.432000, 0.477187
38.179748, 0.418337, 0.464608
38.246459, 0.406847, 0.452888
38.313313, 0.397007, 0.441712
38.380309, 0.387881, 0.430532
38.447450, 0.378309, 0.418388
38.514735, 0.367472, 0.404524
38.582165, 0.355681, 0.389487
38.649741, 0.344124, 0.374796
38.717462, 0.334121, 0.361941
38.785329, 0.326086, 0.351314
38.853343, 0.319199, 0.341858
38.921504, 0.312854, 0.332791
38.989813, 0.307454, 0.324672
39.058270, 0.303314, 0.318122
39.126876, 0.300258, 0.313175
39.195630, 0.298450, 0.310037
39.264535, 0.298192, 0.308918
39.333589, 0.299363, 0.309614
39.402794, 0.301322, 0.311412
39.472150, 0.302469, 0.312590
39.541658, 0.300838, 0.311027
39.611317, 0.295682, 0.305888
39.681129, 0.288031, 0.298133
39.751095, 0.279466, 0.289282
39.821214, 0.271267, 0.280661
39.891486, 0.264672, 0.273646
39.961914, 0.260687, 0.269440
40.032496, 0.258930, 0.267745
40.103235, 0.257511, 0.266539
40.174129, 0.255057, 0.264336
40.245180, 0.251641, 0.261223
40.316388, 0.247461, 0.257372
40.387754, 0.242107, 0.252202
40.459278, 0.235286, 0.245211
40.530960, 0.227949, 0.237356
40.602802, 0.221783, 0.230615
40.674804, 0.217598, 0.226046
40.746966, 0.214880, 0.223160
40.819289, 0.212342, 0.220502
40.891773, 0.209273, 0.217187
40.964420, 0.205954, 0.213538
41.037228, 0.202528, 0.209875
41.110200, 0.198876, 0.206147
41.183335, 0.195402, 0.202686
41.256635, 0.192997, 0.200335
41.330099, 0.191684, 0.199120
41.403728, 0.190250, 0.197754
41.477524, 0.188021, 0.195475
41.551485, 0.185444, 0.192791
41.625614, 0.183263, 0.190618
41.699909, 0.181819, 0.189366
41.774373, 0.181090, 0.188924
41.849006, 0.180986, 0.189126
41.923808, 0.181259, 0.189699
41.998779, 0.181635, 0.190410
42.073921, 0.181841, 0.191061
42.149234, 0.181409, 0.191095
42.224718, 0.179754, 0.189677
42.300375, 0.177218, 0.187072
42.376204, 0.175096, 0.184826
42.452206, 0.173752, 0.183606
42.528383, 0.172390, 0.182668
42.604733, 0.171164, 0.182035
42.681259, 0.170908, 0.182332
42.757961, 0.171366, 0.183156
42.834838, 0.171531, 0.183549
42.911893, 0.170764, 0.182846
42.989125, 0.169046, 0.180891
43.066536, 0.166815, 0.178117
43.144125, 0.164688, 0.175266
43.221893, 0.163285, 0.173136
43.299841, 0.162872, 0.172153
43.377970, 0.162938, 0.171772
43.456281, 0.162451, 0.170818
43.534773, 0.160867, 0.168657
43.613447, 0.158466, 0.165604
43.692305, 0.155875, 0.162403
43.771346, 0.153559, 0.159563
43.850572, 0.151630, 0.157130
43.929983, 0.149973, 0.154966
44.009580, 0.148427, 0.152973
44.089363, 0.146980, 0.151185
44.169333, 0.145551, 0.149498
44.249490, 0.143964, 0.147629
44.329836, 0.142059, 0.145262
44.410371, 0.140050, 0.142595
44.491096, 0.138305, 0.140139
44.572011, 0.136859, 0.138081
44.653117, 0.135280, 0.136003
44.734415, 0.133119, 0.133349
44.815905, 0.130372, 0.130050
44.897588, 0.127489, 0.126618
44.979465, 0.124937, 0.123594
45.061537, 0.122843, 0.121171
45.143803, 0.120983, 0.119115
45.226265, 0.119080, 0.116943
45.308924, 0.117238, 0.114624
45.391780, 0.115740, 0.112511
45.474834, 0.114650, 0.110677
45.558087, 0.113953, 0.109106
45.641539, 0.113662, 0.107972
45.725191, 0.113621, 0.107200
45.809044, 0.113467, 0.106308
45.893098, 0.112965, 0.105048
45.977355, 0.112136, 0.103542
46.061814, 0.111153, 0.102018
46.146477, 0.110149, 0.100604
46.231345, 0.109199, 0.099257
46.316418, 0.108315, 0.097888
46.401697, 0.107301, 0.096335
46.487183, 0.105919, 0.094484
46.572876, 0.104234, 0.092468
46.658777, 0.102493, 0.090499
46.744887, 0.100975, 0.088785
46.831207, 0.099773, 0.087346
46.917737, 0.099087, 0.086251
47.004479, 0.099224, 0.085766
47.091432, 0.099794, 0.085737
47.178599, 0.099875, 0.085568
47.265979, 0.099232, 0.084996
47.353573, 0.098294, 0.084248
47.441382, 0.097114, 0.083313
47.529408, 0.095569, 0.081987
47.617650, 0.093919, 0.080458
47.706110, 0.092447, 0.079030
47.794788, 0.091089, 0.077691
47.883685, 0.089848, 0.076447
47.972803, 0.088915, 0.075400
48.062141, 0.088219, 0.074507
48.151701, 0.087531, 0.073612
48.241483, 0.086886, 0.072666
48.331488, 0.086305, 0.071576
48.421718, 0.085757, 0.070283
48.512172, 0.085660, 0.069191
48.602853, 0.086586, 0.068813
48.693760, 0.088498, 0.069069
48.784894, 0.091058, 0.069621
48.876257, 0.094113, 0.070416
48.967849, 0.097273, 0.071432
49.059671, 0.099968, 0.072451
49.151724, 0.101875, 0.073127
49.244009, 0.103359, 0.073539
49.336526, 0.104676, 0.073985
49.429277, 0.105696, 0.074503
49.522263, 0.106190, 0.074833
49.615484, 0.106459, 0.074799
49.708941, 0.107399, 0.074869
49.802635, 0.108915, 0.075340
49.896568, 0.110175, 0.075907
49.990739, 0.111209, 0.076477
50.085150, 0.112503, 0.077306
50.179802, 0.113874, 0.078399
50.274695, 0.114886, 0.079498
50.369832, 0.115552, 0.080479
50.465211, 0.115674, 0.081218
50.560836, 0.114872, 0.081594
50.656705, 0.113443, 0.081822
50.752821, 0.111904, 0.082009
50.849185, 0.110569, 0.082093
50.945796, 0.109715, 0.082169
51.042657, 0.109281, 0.082296
51.139769, 0.108798, 0.082363
51.237131, 0.108144, 0.082474
51.334745, 0.107216, 0.082603
51.432613, 0.105811, 0.082476
51.530735, 0.104064, 0.082080
51.629112, 0.102514, 0.081789
51.727745, 0.101199, 0.081615
51.826635, 0.100037, 0.081242
51.925783, 0.099199, 0.080809
52.025191, 0.098413, 0.080420
52.124858, 0.097665, 0.080135
52.224787, 0.097096, 0.079912
52.324978, 0.096596, 0.079662
52.425432, 0.095967, 0.079458
52.526151, 0.095370, 0.079422
52.627135, 0.094974, 0.079577
52.728385, 0.094455, 0.079616
52.829903, 0.093993, 0.079489
52.931689, 0.094359, 0.079771
53.033744, 0.095592, 0.080680
53.136071, 0.096933, 0.081770
53.238669, 0.097682, 0.082583
53.341539, 0.097503, 0.082827
53.444684, 0.096674, 0.082428
53.548104, 0.096064, 0.081832
53.651799, 0.096113, 0.081676
53.755772, 0.096455, 0.082094
53.860024, 0.096479, 0.082715
53.964554, 0.095975, 0.083054
54.069365, 0.095296, 0.083011
54.174458, 0.094938, 0.082919
54.279834, 0.095193, 0.083335
54.385493, 0.095651, 0.084142
54.491438, 0.096007, 0.084814
54.597669, 0.096261, 0.085302
54.704187, 0.096077, 0.085532
54.810994, 0.095562, 0.085564
54.918091, 0.095052, 0.085548
55.025479, 0.094275, 0.085233
55.133158, 0.093320, 0.084627
55.241131, 0.092851, 0.084433
55.349399, 0.092706, 0.084810
55.457962, 0.092214, 0.085072
55.566823, 0.091398, 0.085006
55.675981, 0.090445, 0.084735
55.785439, 0.089449, 0.084354
55.895197, 0.088367, 0.083799
56.005257, 0.087492, 0.083304
56.115621, 0.086858, 0.083055
56.226289, 0.086198, 0.082798
56.337262, 0.085361, 0.082265
56.448542, 0.084581, 0.081670
56.560131, 0.083973, 0.081348
56.672029, 0.083274, 0.081158
56.784237, 0.082531, 0.080985
56.896758, 0.082023, 0.081092
57.009592, 0.081427, 0.081207
57.122740, 0.080388, 0.080800
57.236205, 0.079109, 0.079965
57.349987, 0.077953, 0.079210
57.464087, 0.076578, 0.078315
57.578508, 0.075142, 0.076991
57.693250, 0.074592, 0.076009
57.808314, 0.075304, 0.076178
57.923703, 0.076559, 0.077169
58.039416, 0.077556, 0.078262
58.155457, 0.077969, 0.079004
58.271826, 0.077989, 0.079264
58.388524, 0.078222, 0.079547
58.505553, 0.078732, 0.080249
58.622915, 0.078533, 0.080520
58.740611, 0.077289, 0.079648
58.858641, 0.075527, 0.077966
58.977009, 0.073786, 0.076134
59.095714, 0.072389, 0.074671
59.214759, 0.071402, 0.073668
59.334145, 0.070879, 0.073166
59.453873, 0.070825, 0.073241
59.573946, 0.070842, 0.073540
59.694364, 0.070280, 0.073300
59.815128, 0.069409, 0.072501
59.936241, 0.068943, 0.071850
60.057704, 0.069002, 0.071663
60.179519, 0.069554, 0.072080
60.301686, 0.070093, 0.072670
60.424208, 0.070140, 0.072892
60.547086, 0.069964, 0.072822
60.670322, 0.070430, 0.073299
60.793917, 0.071360, 0.074686
60.917873, 0.071390, 0.075738
61.042191, 0.070583, 0.075741
61.166872, 0.069848, 0.075461
61.291920, 0.068763, 0.074853
61.417334, 0.066959, 0.073412
61.543117, 0.065153, 0.071622
61.669271, 0.064063, 0.070382
61.795797, 0.063650, 0.069875
61.922696, 0.063692, 0.069814
62.049971, 0.064033, 0.070261
62.177622, 0.063936, 0.070718
62.305653, 0.063126, 0.070540
62.434063, 0.062252, 0.070034
62.562856, 0.061636, 0.069650
62.692032, 0.061317, 0.069615
62.821594, 0.060844, 0.069453
62.951543, 0.059712, 0.068446
63.081882, 0.058049, 0.066540
63.212610, 0.056881, 0.064943
63.343732, 0.056669, 0.064453
63.475247, 0.057093, 0.064969
63.607159, 0.056930, 0.065199
63.739468, 0.055863, 0.064371
63.872177, 0.054735, 0.063221
64.005287, 0.053896, 0.062394
64.138800, 0.052945, 0.061510
64.272719, 0.052059, 0.060545
64.407044, 0.051541, 0.059880
64.541779, 0.051440, 0.059681
64.676924, 0.051638, 0.059925
64.812481, 0.051587, 0.060058
64.948453, 0.051016, 0.059680
65.084841, 0.049621, 0.058334
65.221647, 0.047839, 0.056252
65.358874, 0.046436, 0.054405
65.496523, 0.045363, 0.052995
65.634595, 0.044445, 0.051877
65.773094, 0.043514, 0.050925
65.912021, 0.042331, 0.049787
66.051377, 0.041186, 0.048553
66.191166, 0.040160, 0.047223
66.331388, 0.039399, 0.046086
66.472047, 0.038821, 0.045232
66.613144, 0.038345, 0.044548
66.754680, 0.037937, 0.043946
66.896659, 0.037625, 0.043322
67.039082, 0.037722, 0.043082
67.181952, 0.038084, 0.043359
67.325270, 0.038329, 0.043704
67.469038, 0.038370, 0.043826
67.613259, 0.038307, 0.043795
67.757935, 0.038376, 0.043862
67.903068, 0.038672, 0.044193
68.048660, 0.039128, 0.044872
68.194713, 0.039520, 0.045714
68.341230, 0.039577, 0.046295
68.488212, 0.039568, 0.046523
68.635663, 0.039974, 0.047184
68.783583, 0.040304, 0.048364
68.931976, 0.039895, 0.049214
69.080844, 0.038811, 0.048952
69.230189, 0.038121, 0.048566
69.380013, 0.037767, 0.048872
69.530318, 0.037130, 0.049367
69.681108, 0.036560, 0.050137
69.832383, 0.035891, 0.051208
69.984148, 0.034602, 0.051711
70.136403, 0.033365, 0.051578
70.289152, 0.032637, 0.052155
70.442396, 0.031483, 0.053234
70.596139, 0.029554, 0.053255
70.750382, 0.027868, 0.052646
70.905128, 0.026430, 0.052625
71.060380, 0.024586, 0.052179
71.216140, 0.022750, 0.050671
71.372410, 0.021375, 0.049202
71.529194, 0.020256, 0.047808
71.686492, 0.019298, 0.046346
71.844309, 0.018448, 0.044929
72.002647, 0.017571, 0.043300
72.161508, 0.016709, 0.041385
72.320895, 0.015877, 0.039120
72.480810, 0.015132, 0.036930
72.641256, 0.014353, 0.034759
72.802236, 0.013557, 0.032361
72.963753, 0.012957, 0.030256
73.125808, 0.012486, 0.028481
73.288406, 0.012129, 0.026842
73.451548, 0.011926, 0.025580
73.615237, 0.011795, 0.024585
73.779476, 0.011702, 0.023723
73.944268, 0.011720, 0.023197
74.109615, 0.011666, 0.022664
74.275521, 0.011477, 0.021926
74.441989, 0.011188, 0.021014
74.609020, 0.010961, 0.020117
74.776618, 0.010819, 0.019405
74.944786, 0.010477, 0.018468
75.113527, 0.010005, 0.017304
75.282844, 0.009616, 0.016253
75.452739, 0.009264, 0.015281
75.623216, 0.008808, 0.014214
75.794277, 0.008361, 0.013234
75.965926, 0.007938, 0.012327
76.138166, 0.007538, 0.011500
76.310999, 0.007203, 0.010811
76.484429, 0.006950, 0.010259
76.658460, 0.006703, 0.009737
76.833093, 0.006413, 0.009184
77.008332, 0.006210, 0.008789
77.184180, 0.006074, 0.008506
77.360642, 0.005863, 0.008120
77.537718, 0.005598, 0.007666
77.715414, 0.005396, 0.007319
77.893732, 0.005219, 0.007020
78.072675, 0.005067, 0.006770
78.252247, 0.004844, 0.006445
78.432451, 0.004641, 0.006157
78.613290, 0.004550, 0.006014
78.794769, 0.004543, 0.005985
78.976889, 0.004493, 0.005899
79.159655, 0.004407, 0.005774
79.343070, 0.004297, 0.005617
79.527137, 0.004144, 0.005391
79.711861, 0.004110, 0.005327
79.897244, 0.004094, 0.005296
80.083289, 0.004027, 0.005195
80.270002, 0.004005, 0.005159
80.457385, 0.003913, 0.005044
80.645441, 0.003774, 0.004853
80.834175, 0.003652, 0.004677
81.023590, 0.003560, 0.004548
81.213689, 0.003494, 0.004458
81.404478, 0.003419, 0.004354
81.595958, 0.003241, 0.004110
81.788134, 0.003054, 0.003851
81.981011, 0.002915, 0.003658
82.174591, 0.002831, 0.003540
82.368878, 0.002678, 0.003336
82.563877, 0.002478, 0.003073
82.759591, 0.002334, 0.002877
82.956025, 0.002211, 0.002707
83.153181, 0.002061, 0.002504
83.351065, 0.001921, 0.002318
83.549680, 0.001808, 0.002167
83.749031, 0.001658, 0.001973
83.949120, 0.001480, 0.001746
84.149954, 0.001311, 0.001530
84.351535, 0.001168, 0.001349
84.553868, 0.001054, 0.001207
84.756957, 0.000981, 0.001115
84.960806, 0.000920, 0.001037
85.165420, 0.000860, 0.000961
85.370803, 0.000807, 0.000894
85.576959, 0.000761, 0.000839
85.783893, 0.000722, 0.000792
85.991609, 0.000689, 0.000753
86.200111, 0.000665, 0.000723
86.409404, 0.000647, 0.000702
86.619493, 0.000633, 0.000684
86.830382, 0.000621, 0.000670
87.042075, 0.000610, 0.000657
87.254578, 0.000600, 0.000645
87.467894, 0.000591, 0.000633
87.682029, 0.000581, 0.000622
87.896987, 0.000572, 0.000611
88.112773, 0.000564, 0.000601
