# energy, eels_NLFC_w, eels_LFC_w
0.000000, -0.000000, -0.000000
0.010004, 0.000006, 0.000006
0.020017, 0.000012, 0.000013
0.030037, 0.000018, 0.000019
0.040066, 0.000025, 0.000025
0.050104, 0.000031, 0.000032
0.060149, 0.000037, 0.000038
0.070204, 0.000043, 0.000044
0.080266, 0.000049, 0.000051
0.090337, 0.000056, 0.000057
0.100416, 0.000062, 0.000063
0.110503, 0.000068, 0.000070
0.120599, 0.000074, 0.000076
0.130704, 0.000080, 0.000083
0.140817, 0.000087, 0.000089
0.150938, 0.000093, 0.000095
0.161067, 0.000099, 0.000102
0.171206, 0.000105, 0.000108
0.181352, 0.000112, 0.000115
0.191507, 0.000118, 0.000121
0.201671, 0.000124, 0.000127
0.211843, 0.000130, 0.000134
0.222023, 0.000137, 0.000140
0.232212, 0.000143, 0.000147
0.242410, 0.000149, 0.000153
0.252616, 0.000156, 0.000160
0.262831, 0.000162, 0.000166
0.273054, 0.000168, 0.000173
0.283286, 0.000174, 0.000179
0.293526, 0.000181, 0.000186
0.303775, 0.000187, 0.000192
0.314032, 0.000193, 0.000199
0.324299, 0.000200, 0.000205
0.334573, 0.000206, 0.000212
0.344857, 0.000212, 0.000218
0.355149, 0.000219, 0.000225
0.365449, 0.000225, 0.000231
0.375759, 0.000232, 0.000238
0.386077, 0.000238, 0.000244
0.396404, 0.000244, 0.000251
0.406739, 0.000251, 0.000257
0.417083, 0.000257, 0.000264
0.427436, 0.000263, 0.000271
0.437798, 0.000270, 0.000277
0.448168, 0.000276, 0.000284
0.458547, 0.000283, 0.000290
0.468935, 0.000289, 0.000297
0.479332, 0.000296, 0.000304
0.489737, 0.000302, 0.000310
0.500151, 0.000309, 0.000317
0.510574, 0.000315, 0.000324
0.521006, 0.000321, 0.000330
0.531447, 0.000328, 0.000337
0.541896, 0.000334, 0.000343
0.552355, 0.000341, 0.000350
0.562822, 0.000347, 0.000357
0.573298, 0.000354, 0.000364
0.583783, 0.000361, 0.000370
0.594277, 0.000367, 0.000377
0.604780, 0.000374, 0.000384
0.615292, 0.000380, 0.000390
0.625812, 0.000387, 0.000397
0.636342, 0.000393, 0.000404
0.646881, 0.000400, 0.000411
0.657428, 0.000406, 0.000417
0.667985, 0.000413, 0.000424
0.678550, 0.000420, 0.000431
0.689125, 0.000426, 0.000438
0.699708, 0.000433, 0.000445
0.710301, 0.000439, 0.000451
0.720903, 0.000446, 0.000458
0.731513, 0.000453, 0.000465
0.742133, 0.000459, 0.000472
0.752762, 0.000466, 0.000479
0.763400, 0.000473, 0.000486
0.774047, 0.000479, 0.000492
0.784703, 0.000486, 0.000499
0.795368, 0.000493, 0.000506
0.806042, 0.000500, 0.000513
0.816726, 0.000506, 0.000520
0.827418, 0.000513, 0.000527
0.838120, 0.000520, 0.000534
0.848831, 0.000526, 0.000541
0.859551, 0.000533, 0.000548
0.870280, 0.000540, 0.000555
0.881019, 0.000547, 0.000562
0.891767, 0.000554, 0.000569
0.902524, 0.000560, 0.000576
0.913290, 0.000567, 0.000583
0.924066, 0.000574, 0.000590
0.934850, 0.000581, 0.000597
0.945645, 0.000588, 0.000604
0.956448, 0.000595, 0.000611
0.967261, 0.000601, 0.000618
0.978083, 0.000608, 0.000625
0.988914, 0.000615, 0.000632
0.999755, 0.000622, 0.000639
1.010605, 0.000629, 0.000646
1.021464, 0.000636, 0.000653
1.032333, 0.000643, 0.000660
1.043211, 0.000650, 0.000668
1.054099, 0.000657, 0.000675
1.064996, 0.000664, 0.000682
1.075902, 0.000671, 0.000689
1.086818, 0.000678, 0.000696
1.097744, 0.000685, 0.000703
1.108678, 0.000692, 0.000711
1.119623, 0.000699, 0.000718
1.130576, 0.000706, 0.000725
1.141540, 0.000713, 0.000732
1.152512, 0.000720, 0.000740
1.163495, 0.000727, 0.000747
1.174487, 0.000734, 0.000754
1.185488, 0.000741, 0.000761
1.196499, 0.000748, 0.000769
1.207520, 0.000755, 0.000776
1.218550, 0.000763, 0.000783
1.229590, 0.000770, 0.000791
1.240639, 0.000777, 0.000798
1.251698, 0.000784, 0.000806
1.262767, 0.000791, 0.000813
1.273845, 0.000798, 0.000820
1.284933, 0.000806, 0.000828
1.296031, 0.000813, 0.000835
1.307138, 0.000820, 0.000843
1.318255, 0.000827, 0.000850
1.329382, 0.000835, 0.000858
1.340518, 0.000842, 0.000865
1.351664, 0.000849, 0.000873
1.362820, 0.000857, 0.000880
1.373986, 0.000864, 0.000888
1.385162, 0.000871, 0.000895
1.396347, 0.000879, 0.000903
1.407542, 0.000886, 0.000910
1.418747, 0.000893, 0.000918
1.429962, 0.000901, 0.000926
1.441186, 0.000908, 0.000933
1.452421, 0.000916, 0.000941
1.463665, 0.000923, 0.000949
1.474920, 0.000930, 0.000956
1.486184, 0.000938, 0.000964
1.497458, 0.000945, 0.000972
1.508742, 0.000953, 0.000979
1.520036, 0.000960, 0.000987
1.531339, 0.000968, 0.000995
1.542653, 0.000975, 0.001003
1.553977, 0.000983, 0.001010
1.565311, 0.000991, 0.001018
1.576655, 0.000998, 0.001026
1.588008, 0.001006, 0.001034
1.599372, 0.001013, 0.001042
1.610746, 0.001021, 0.001050
1.622130, 0.001029, 0.001057
1.633524, 0.001036, 0.001065
1.644928, 0.001044, 0.001073
1.656342, 0.001052, 0.001081
1.667767, 0.001060, 0.001089
1.679201, 0.001067, 0.001097
1.690646, 0.001075, 0.001105
1.702100, 0.001083, 0.001113
1.713565, 0.001091, 0.001121
1.725040, 0.001099, 0.001129
1.736525, 0.001106, 0.001137
1.748021, 0.001114, 0.001145
1.759526, 0.001122, 0.001154
1.771042, 0.001130, 0.001162
1.782568, 0.001138, 0.001170
1.794105, 0.001146, 0.001178
1.805651, 0.001154, 0.001186
1.817208, 0.001162, 0.001194
1.828776, 0.001170, 0.001203
1.840353, 0.001178, 0.001211
1.851941, 0.001186, 0.001219
1.863539, 0.001194, 0.001227
1.875148, 0.001202, 0.001236
1.886767, 0.001210, 0.001244
1.898396, 0.001218, 0.001252
1.910036, 0.001226, 0.001261
1.921686, 0.001234, 0.001269
1.933346, 0.001242, 0.001278
1.945017, 0.001251, 0.001286
1.956699, 0.001259, 0.001294
1.968391, 0.001267, 0.001303
1.980093, 0.001275, 0.001311
1.991806, 0.001284, 0.001320
2.003529, 0.001292, 0.001328
2.015263, 0.001300, 0.001337
2.027008, 0.001308, 0.001346
2.038763, 0.001317, 0.001354
2.050528, 0.001325, 0.001363
2.062305, 0.001334, 0.001371
2.074091, 0.001342, 0.001380
2.085889, 0.001350, 0.001389
2.097697, 0.001359, 0.001398
2.109515, 0.001367, 0.001406
2.121344, 0.001376, 0.001415
2.133184, 0.001384, 0.001424
2.145035, 0.001393, 0.001433
2.156896, 0.001401, 0.001442
2.168768, 0.001410, 0.001450
2.180651, 0.001419, 0.001459
2.192545, 0.001427, 0.001468
2.204449, 0.001436, 0.001477
2.216364, 0.001445, 0.001486
2.228289, 0.001453, 0.001495
2.240226, 0.001462, 0.001504
2.252173, 0.001471, 0.001513
2.264132, 0.001480, 0.001522
2.276101, 0.001488, 0.001531
2.288081, 0.001497, 0.001540
2.300071, 0.001506, 0.001550
2.312073, 0.001515, 0.001559
2.324086, 0.001524, 0.001568
2.336109, 0.001533, 0.001577
2.348143, 0.001542, 0.001586
2.360189, 0.001551, 0.001596
2.372245, 0.001560, 0.001605
2.384312, 0.001569, 0.001614
2.396391, 0.001578, 0.001624
2.408480, 0.001587, 0.001633
2.420580, 0.001596, 0.001643
2.432691, 0.001605, 0.001652
2.444814, 0.001615, 0.001662
2.456947, 0.001624, 0.001671
2.469092, 0.001633, 0.001681
2.481247, 0.001642, 0.001690
2.493414, 0.001652, 0.001700
2.505592, 0.001661, 0.001709
2.517781, 0.001670, 0.001719
2.529981, 0.001680, 0.001729
2.542192, 0.001689, 0.001738
2.554415, 0.001698, 0.001748
2.566649, 0.001708, 0.001758
2.578894, 0.001717, 0.001768
2.591150, 0.001727, 0.001778
2.603417, 0.001737, 0.001788
2.615696, 0.001746, 0.001797
2.627986, 0.001756, 0.001807
2.640287, 0.001765, 0.001817
2.652600, 0.001775, 0.001827
2.664923, 0.001785, 0.001837
2.677259, 0.001795, 0.001848
2.689605, 0.001804, 0.001858
2.701963, 0.001814, 0.001868
2.714332, 0.001824, 0.001878
2.726713, 0.001834, 0.001888
2.739105, 0.001844, 0.001898
2.751509, 0.001854, 0.001909
2.763924, 0.001864, 0.001919
2.776351, 0.001874, 0.001929
2.788789, 0.001884, 0.001940
2.801238, 0.001894, 0.001950
2.813699, 0.001904, 0.001961
2.826172, 0.001914, 0.001971
2.838656, 0.001924, 0.001982
2.851151, 0.001935, 0.001992
2.863659, 0.001945, 0.002003
2.876177, 0.001955, 0.002014
2.888708, 0.001966, 0.002024
2.901250, 0.001976, 0.002035
2.913804, 0.001986, 0.002046
2.926369, 0.001997, 0.002057
2.938946, 0.002007, 0.002068
2.951535, 0.002018, 0.002078
2.964135, 0.002028, 0.002089
2.976747, 0.002039, 0.002100
2.989371, 0.002050, 0.002111
3.002007, 0.002060, 0.002123
3.014654, 0.002071, 0.002134
3.027314, 0.002082, 0.002145
3.039985, 0.002093, 0.002156
3.052668, 0.002103, 0.002167
3.065362, 0.002114, 0.002178
3.078069, 0.002125, 0.002190
3.090787, 0.002136, 0.002201
3.103518, 0.002147, 0.002213
3.116260, 0.002158, 0.002224
3.129014, 0.002169, 0.002236
3.141780, 0.002181, 0.002247
3.154558, 0.002192, 0.002259
3.167348, 0.002203, 0.002270
3.180150, 0.002214, 0.002282
3.192965, 0.002226, 0.002294
3.205791, 0.002237, 0.002306
3.218629, 0.002248, 0.002317
3.231479, 0.002260, 0.002329
3.244341, 0.002271, 0.002341
3.257215, 0.002283, 0.002353
3.270102, 0.002295, 0.002365
3.283001, 0.002306, 0.002377
3.295911, 0.002318, 0.002389
3.308834, 0.002330, 0.002402
3.321769, 0.002341, 0.002414
3.334716, 0.002353, 0.002426
3.347676, 0.002365, 0.002438
3.360648, 0.002377, 0.002451
3.373632, 0.002389, 0.002463
3.386628, 0.002401, 0.002476
3.399636, 0.002413, 0.002488
3.412657, 0.002425, 0.002501
3.425690, 0.002438, 0.002514
3.438736, 0.002450, 0.002526
3.451793, 0.002462, 0.002539
3.464864, 0.002475, 0.002552
3.477946, 0.002487, 0.002565
3.491041, 0.002499, 0.002578
3.504149, 0.002512, 0.002591
3.517268, 0.002525, 0.002604
3.530401, 0.002537, 0.002617
3.543545, 0.002550, 0.002630
3.556703, 0.002563, 0.002643
3.569872, 0.002576, 0.002657
3.583055, 0.002588, 0.002670
3.596250, 0.002601, 0.002684
3.609457, 0.002614, 0.002697
3.622677, 0.002627, 0.002711
3.635910, 0.002641, 0.002724
3.649155, 0.002654, 0.002738
3.662413, 0.002667, 0.002752
3.675683, 0.002680, 0.002766
3.688966, 0.002694, 0.002780
3.702262, 0.002707, 0.002794
3.715571, 0.002721, 0.002808
3.728892, 0.002734, 0.002822
3.742226, 0.002748, 0.002836
3.755573, 0.002762, 0.002850
3.768933, 0.002775, 0.002864
3.782305, 0.002789, 0.002879
3.795690, 0.002803, 0.002893
3.809088, 0.002817, 0.002908
3.822499, 0.002831, 0.002922
3.835923, 0.002845, 0.002937
3.849360, 0.002859, 0.002952
3.862809, 0.002874, 0.002967
3.876272, 0.002888, 0.002982
3.889747, 0.002903, 0.002997
3.903236, 0.002917, 0.003012
3.916737, 0.002932, 0.003027
3.930252, 0.002946, 0.003042
3.943779, 0.002961, 0.003057
3.957320, 0.002976, 0.003073
3.970873, 0.002991, 0.003088
3.984440, 0.003006, 0.003104
3.998020, 0.003021, 0.003119
4.011613, 0.003036, 0.003135
4.025219, 0.003051, 0.003151
4.038838, 0.003066, 0.003167
4.052470, 0.003082, 0.003183
4.066116, 0.003097, 0.003199
4.079774, 0.003113, 0.003215
4.093446, 0.003128, 0.003231
4.107132, 0.003144, 0.003248
4.120830, 0.003160, 0.003264
4.134542, 0.003176, 0.003281
4.148267, 0.003192, 0.003297
4.162005, 0.003208, 0.003314
4.175757, 0.003224, 0.003331
4.189522, 0.003240, 0.003348
4.203301, 0.003257, 0.003365
4.217093, 0.003273, 0.003382
4.230898, 0.003290, 0.003399
4.244717, 0.003306, 0.003417
4.258550, 0.003323, 0.003434
4.272395, 0.003340, 0.003452
4.286255, 0.003357, 0.003469
4.300127, 0.003374, 0.003487
4.314014, 0.003391, 0.003505
4.327914, 0.003408, 0.003523
4.341827, 0.003426, 0.003541
4.355754, 0.003443, 0.003559
4.369695, 0.003461, 0.003578
4.383650, 0.003478, 0.003596
4.397618, 0.003496, 0.003615
4.411599, 0.003514, 0.003634
4.425595, 0.003532, 0.003652
4.439604, 0.003550, 0.003671
4.453627, 0.003569, 0.003690
4.467664, 0.003587, 0.003710
4.481714, 0.003606, 0.003729
4.495779, 0.003624, 0.003748
4.509857, 0.003643, 0.003768
4.523949, 0.003662, 0.003788
4.538054, 0.003681, 0.003807
4.552174, 0.003700, 0.003827
4.566308, 0.003719, 0.003848
4.580455, 0.003739, 0.003868
4.594617, 0.003758, 0.003888
4.608792, 0.003778, 0.003909
4.622982, 0.003798, 0.003929
4.637185, 0.003818, 0.003950
4.651403, 0.003838, 0.003971
4.665635, 0.003858, 0.003992
4.679880, 0.003878, 0.004014
4.694140, 0.003899, 0.004035
4.708414, 0.003919, 0.004057
4.722702, 0.003940, 0.004078
4.737004, 0.003961, 0.004100
4.751320, 0.003982, 0.004122
4.765651, 0.004004, 0.004145
4.779996, 0.004025, 0.004167
4.794355, 0.004047, 0.004190
4.808728, 0.004069, 0.004212
4.823116, 0.004090, 0.004235
4.837517, 0.004113, 0.004258
4.851934, 0.004135, 0.004282
4.866364, 0.004157, 0.004305
4.880809, 0.004180, 0.004329
4.895268, 0.004203, 0.004352
4.909742, 0.004226, 0.004377
4.924230, 0.004249, 0.004401
4.938733, 0.004272, 0.004425
4.953250, 0.004296, 0.004450
4.967782, 0.004320, 0.004475
4.982328, 0.004343, 0.004500
4.996889, 0.004368, 0.004525
5.011464, 0.004392, 0.004550
5.026054, 0.004416, 0.004576
5.040658, 0.004441, 0.004602
5.055277, 0.004466, 0.004628
5.069911, 0.004491, 0.004654
5.084559, 0.004517, 0.004681
5.099222, 0.004542, 0.004708
5.113900, 0.004568, 0.004735
5.128593, 0.004594, 0.004762
5.143300, 0.004621, 0.004790
5.158022, 0.004647, 0.004817
5.172759, 0.004674, 0.004845
5.187511, 0.004701, 0.004874
5.202277, 0.004728, 0.004902
5.217059, 0.004756, 0.004931
5.231855, 0.004784, 0.004960
5.246667, 0.004812, 0.004990
5.261493, 0.004840, 0.005019
5.276334, 0.004869, 0.005049
5.291190, 0.004898, 0.005080
5.306062, 0.004927, 0.005110
5.320948, 0.004956, 0.005141
5.335849, 0.004986, 0.005172
5.350766, 0.005016, 0.005204
5.365697, 0.005046, 0.005236
5.380644, 0.005077, 0.005268
5.395605, 0.005108, 0.005300
5.410582, 0.005140, 0.005333
5.425575, 0.005171, 0.005366
5.440582, 0.005203, 0.005400
5.455604, 0.005236, 0.005434
5.470642, 0.005268, 0.005468
5.485696, 0.005301, 0.005503
5.500764, 0.005335, 0.005538
5.515848, 0.005369, 0.005574
5.530947, 0.005403, 0.005610
5.546062, 0.005438, 0.005646
5.561191, 0.005473, 0.005683
5.576337, 0.005508, 0.005720
5.591498, 0.005544, 0.005757
5.606674, 0.005580, 0.005796
5.621866, 0.005617, 0.005834
5.637073, 0.005654, 0.005873
5.652296, 0.005692, 0.005913
5.667534, 0.005730, 0.005953
5.682789, 0.005768, 0.005993
5.698058, 0.005808, 0.006034
5.713343, 0.005847, 0.006076
5.728644, 0.005887, 0.006118
5.743961, 0.005928, 0.006161
5.759294, 0.005969, 0.006204
5.774642, 0.006011, 0.006248
5.790006, 0.006054, 0.006293
5.805385, 0.006097, 0.006338
5.820781, 0.006140, 0.006384
5.836192, 0.006185, 0.006431
5.851619, 0.006229, 0.006478
5.867062, 0.006275, 0.006526
5.882521, 0.006321, 0.006575
5.897996, 0.006368, 0.006624
5.913487, 0.006416, 0.006674
5.928994, 0.006465, 0.006725
5.944517, 0.006514, 0.006777
5.960056, 0.006564, 0.006830
5.975611, 0.006615, 0.006884
5.991182, 0.006667, 0.006938
6.006769, 0.006720, 0.006994
6.022372, 0.006773, 0.007050
6.037992, 0.006828, 0.007108
6.053627, 0.006884, 0.007167
6.069279, 0.006940, 0.007226
6.084947, 0.006998, 0.007287
6.100632, 0.007057, 0.007349
6.116332, 0.007117, 0.007412
6.132049, 0.007178, 0.007477
6.147782, 0.007240, 0.007543
6.163532, 0.007304, 0.007610
6.179298, 0.007369, 0.007679
6.195081, 0.007436, 0.007749
6.210879, 0.007503, 0.007821
6.226695, 0.007573, 0.007894
6.242527, 0.007644, 0.007969
6.258375, 0.007717, 0.008046
6.274240, 0.007791, 0.008125
6.290121, 0.007868, 0.008205
6.306019, 0.007946, 0.008288
6.321934, 0.008026, 0.008373
6.337865, 0.008109, 0.008460
6.353813, 0.008193, 0.008550
6.369778, 0.008280, 0.008642
6.385759, 0.008370, 0.008737
6.401758, 0.008462, 0.008834
6.417773, 0.008557, 0.008935
6.433804, 0.008655, 0.009038
6.449853, 0.008756, 0.009145
6.465918, 0.008860, 0.009256
6.482001, 0.008968, 0.009370
6.498100, 0.009080, 0.009489
6.514216, 0.009195, 0.009611
6.530349, 0.009315, 0.009739
6.546499, 0.009440, 0.009871
6.562666, 0.009569, 0.010008
6.578850, 0.009704, 0.010151
6.595052, 0.009844, 0.010301
6.611270, 0.009990, 0.010456
6.627505, 0.010143, 0.010619
6.643758, 0.010304, 0.010789
6.660028, 0.010472, 0.010968
6.676315, 0.010648, 0.011156
6.692619, 0.010833, 0.011353
6.708940, 0.011029, 0.011562
6.725279, 0.011235, 0.011781
6.741635, 0.011453, 0.012014
6.758009, 0.011684, 0.012260
6.774399, 0.011929, 0.012522
6.790808, 0.012189, 0.012800
6.807233, 0.012467, 0.013097
6.823676, 0.012763, 0.013413
6.840137, 0.013079, 0.013751
6.856615, 0.013417, 0.014112
6.873111, 0.013779, 0.014499
6.889624, 0.014166, 0.014913
6.906154, 0.014580, 0.015356
6.922703, 0.015022, 0.015829
6.939269, 0.015493, 0.016334
6.955853, 0.015994, 0.016871
6.972454, 0.016525, 0.017439
6.989073, 0.017084, 0.018038
7.005710, 0.017669, 0.018664
7.022365, 0.018277, 0.019316
7.039037, 0.018905, 0.019988
7.055728, 0.019548, 0.020676
7.072436, 0.020200, 0.021375
7.089162, 0.020858, 0.022078
7.105906, 0.021517, 0.022782
7.122668, 0.022173, 0.023484
7.139448, 0.022827, 0.024181
7.156246, 0.023478, 0.024875
7.173062, 0.024128, 0.025567
7.189897, 0.024782, 0.026263
7.206749, 0.025445, 0.026966
7.223619, 0.026122, 0.027685
7.240508, 0.026819, 0.028423
7.257415, 0.027538, 0.029185
7.274340, 0.028281, 0.029973
7.291283, 0.029047, 0.030784
7.308245, 0.029829, 0.031614
7.325225, 0.030621, 0.032454
7.342223, 0.031410, 0.033294
7.359239, 0.032187, 0.034121
7.376274, 0.032940, 0.034925
7.393328, 0.033661, 0.035696
7.410400, 0.034347, 0.036431
7.427490, 0.034996, 0.037127
7.444599, 0.035612, 0.037789
7.461727, 0.036201, 0.038422
7.478873, 0.036769, 0.039035
7.496037, 0.037324, 0.039632
7.513221, 0.037868, 0.040219
7.530423, 0.038404, 0.040797
7.547643, 0.038929, 0.041364
7.564883, 0.039441, 0.041918
7.582141, 0.039937, 0.042456
7.599418, 0.040416, 0.042975
7.616714, 0.040876, 0.043474
7.634029, 0.041318, 0.043955
7.651362, 0.041744, 0.044418
7.668715, 0.042154, 0.044864
7.686086, 0.042550, 0.045296
7.703477, 0.042932, 0.045713
7.720886, 0.043302, 0.046116
7.738314, 0.043657, 0.046504
7.755762, 0.043996, 0.046875
7.773229, 0.044318, 0.047226
7.790715, 0.044619, 0.047555
7.808220, 0.044896, 0.047858
7.825744, 0.045147, 0.048132
7.843287, 0.045371, 0.048374
7.860850, 0.045566, 0.048585
7.878432, 0.045735, 0.048766
7.896033, 0.045882, 0.048921
7.913654, 0.046013, 0.049055
7.931294, 0.046135, 0.049176
7.948953, 0.046252, 0.049290
7.966632, 0.046372, 0.049403
7.984331, 0.046499, 0.049519
8.002049, 0.046638, 0.049645
8.019786, 0.046795, 0.049787
8.037543, 0.046979, 0.049953
8.055320, 0.047196, 0.050152
8.073117, 0.047453, 0.050392
8.090933, 0.047753, 0.050677
8.108768, 0.048099, 0.051009
8.126624, 0.048487, 0.051386
8.144499, 0.048910, 0.051802
8.162394, 0.049363, 0.052250
8.180309, 0.049834, 0.052721
8.198244, 0.050317, 0.053205
8.216199, 0.050804, 0.053694
8.234174, 0.051289, 0.054184
8.252168, 0.051769, 0.054668
8.270183, 0.052241, 0.055144
8.288218, 0.052703, 0.055610
8.306273, 0.053152, 0.056063
8.324348, 0.053587, 0.056501
8.342443, 0.054004, 0.056921
8.360558, 0.054402, 0.057320
8.378694, 0.054779, 0.057697
8.396849, 0.055133, 0.058050
8.415025, 0.055463, 0.058379
8.433222, 0.055772, 0.058686
8.451438, 0.056060, 0.058972
8.469676, 0.056332, 0.059242
8.487933, 0.056592, 0.059499
8.506211, 0.056844, 0.059749
8.524509, 0.057090, 0.059995
8.542828, 0.057331, 0.060235
8.561168, 0.057563, 0.060469
8.579528, 0.057781, 0.060690
8.597909, 0.057979, 0.060890
8.616310, 0.058146, 0.061058
8.634732, 0.058275, 0.061185
8.653175, 0.058359, 0.061263
8.671639, 0.058398, 0.061287
8.690123, 0.058392, 0.061259
8.708629, 0.058350, 0.061185
8.727155, 0.058284, 0.061076
8.745702, 0.058207, 0.060947
8.764270, 0.058135, 0.060815
8.782859, 0.058083, 0.060695
8.801469, 0.058063, 0.060601
8.820100, 0.058086, 0.060545
8.838752, 0.058158, 0.060536
8.857425, 0.058286, 0.060581
8.876119, 0.058477, 0.060687
8.894835, 0.058736, 0.060861
8.913572, 0.059072, 0.061112
8.932330, 0.059491, 0.061447
8.951109, 0.060003, 0.061876
8.969910, 0.060615, 0.062407
8.988732, 0.061333, 0.063046
9.007575, 0.062161, 0.063797
9.026440, 0.063102, 0.064664
9.045327, 0.064156, 0.065646
9.064235, 0.065322, 0.066743
9.083164, 0.066597, 0.067951
9.102115, 0.067975, 0.069266
9.121088, 0.069451, 0.070680
9.140082, 0.071015, 0.072187
9.159098, 0.072659, 0.073778
9.178136, 0.074375, 0.075445
9.197196, 0.076156, 0.077181
9.216277, 0.077995, 0.078981
9.235380, 0.079888, 0.080838
9.254506, 0.081828, 0.082747
9.273653, 0.083813, 0.084705
9.292822, 0.085835, 0.086703
9.312013, 0.087890, 0.088736
9.331226, 0.089970, 0.090793
9.350461, 0.092066, 0.092867
9.369719, 0.094173, 0.094948
9.388998, 0.096283, 0.097029
9.408300, 0.098392, 0.099104
9.427624, 0.100499, 0.101170
9.446970, 0.102607, 0.103229
9.466338, 0.104719, 0.105286
9.485729, 0.106845, 0.107351
9.505142, 0.108994, 0.109433
9.524578, 0.111173, 0.111545
9.544036, 0.113391, 0.113696
9.563517, 0.115650, 0.115892
9.583020, 0.117953, 0.118137
9.602546, 0.120297, 0.120433
9.622094, 0.122680, 0.122776
9.641665, 0.125098, 0.125164
9.661259, 0.127547, 0.127594
9.680875, 0.130028, 0.130064
9.700515, 0.132540, 0.132573
9.720177, 0.135085, 0.135122
9.739862, 0.137666, 0.137713
9.759570, 0.140282, 0.140346
9.779300, 0.142933, 0.143020
9.799054, 0.145612, 0.145728
9.818831, 0.148310, 0.148464
9.838631, 0.151018, 0.151217
9.858454, 0.153725, 0.153975
9.878300, 0.156421, 0.156729
9.898169, 0.159099, 0.159472
9.918061, 0.161757, 0.162198
9.937977, 0.164395, 0.164907
9.957916, 0.167018, 0.167604
9.977879, 0.169634, 0.170295
9.997865, 0.172250, 0.172988
10.017874, 0.174876, 0.175688
10.037906, 0.177519, 0.178404
10.057963, 0.180185, 0.181138
10.078042, 0.182879, 0.183893
10.098146, 0.185604, 0.186670
10.118273, 0.188364, 0.189470
10.138423, 0.191164, 0.192297
10.158598, 0.194011, 0.195159
10.178796, 0.196913, 0.198065
10.199018, 0.199881, 0.201028
10.219264, 0.202922, 0.204062
10.239533, 0.206044, 0.207180
10.259827, 0.209247, 0.210389
10.280144, 0.212526, 0.213696
10.300486, 0.215870, 0.217097
10.320852, 0.219265, 0.220588
10.341241, 0.222692, 0.224157
10.361655, 0.226132, 0.227791
10.382093, 0.229568, 0.231474
10.402555, 0.232989, 0.235193
10.423042, 0.236388, 0.238936
10.443553, 0.239765, 0.242696
10.464088, 0.243126, 0.246470
10.484648, 0.246479, 0.250257
10.505232, 0.249832, 0.254059
10.525840, 0.253191, 0.257876
10.546473, 0.256558, 0.261708
10.567131, 0.259937, 0.265556
10.587813, 0.263327, 0.269426
10.608520, 0.266728, 0.273324
10.629252, 0.270135, 0.277260
10.650008, 0.273542, 0.281244
10.670789, 0.276937, 0.285284
10.691595, 0.280309, 0.289380
10.712426, 0.283645, 0.293527
10.733282, 0.286932, 0.297711
10.754163, 0.290166, 0.301913
10.775069, 0.293347, 0.306109
10.796000, 0.296483, 0.310277
10.816956, 0.299590, 0.314400
10.837937, 0.302689, 0.318466
10.858943, 0.305803, 0.322470
10.879975, 0.308954, 0.326409
10.901032, 0.312158, 0.330280
10.922114, 0.315425, 0.334082
10.943222, 0.318755, 0.337809
10.964355, 0.322142, 0.341455
10.985513, 0.325579, 0.345017
11.006697, 0.329056, 0.348495
11.027907, 0.332566, 0.351892
11.049142, 0.336108, 0.355219
11.070403, 0.339678, 0.358486
11.091689, 0.343278, 0.361704
11.113002, 0.346904, 0.364880
11.134340, 0.350547, 0.368014
11.155704, 0.354194, 0.371099
11.177094, 0.357826, 0.374121
11.198510, 0.361428, 0.377069
11.219951, 0.364989, 0.379936
11.241419, 0.368507, 0.382728
11.262913, 0.371990, 0.385462
11.284433, 0.375452, 0.388162
11.305979, 0.378909, 0.390856
11.327552, 0.382372, 0.393567
11.349150, 0.385847, 0.396310
11.370775, 0.389339, 0.399093
11.392427, 0.392850, 0.401918
11.414105, 0.396387, 0.404787
11.435809, 0.399966, 0.407707
11.457540, 0.403620, 0.410695
11.479297, 0.407391, 0.413783
11.501081, 0.411334, 0.417011
11.522892, 0.415506, 0.420427
11.544729, 0.419958, 0.424076
11.566593, 0.424727, 0.427993
11.588484, 0.429827, 0.432197
11.610402, 0.435247, 0.436687
11.632346, 0.440953, 0.441444
11.654318, 0.446893, 0.446437
11.676317, 0.453010, 0.451631
11.698342, 0.459244, 0.456991
11.720395, 0.465546, 0.462490
11.742475, 0.471872, 0.468101
11.764582, 0.478192, 0.473802
11.786717, 0.484490, 0.479575
11.808878, 0.490766, 0.485403
11.831067, 0.497037, 0.491275
11.853284, 0.503333, 0.497190
11.875528, 0.509698, 0.503150
11.897799, 0.516189, 0.509170
11.920098, 0.522872, 0.515281
11.942425, 0.529827, 0.521531
11.964779, 0.537149, 0.527992
11.987161, 0.544939, 0.534755
12.009571, 0.553294, 0.541921
12.032008, 0.562305, 0.549588
12.054474, 0.572042, 0.557847
12.076967, 0.582559, 0.566771
12.099488, 0.593894, 0.576416
12.122038, 0.606076, 0.586827
12.144615, 0.619124, 0.598035
12.167221, 0.633056, 0.610071
12.189854, 0.647894, 0.622969
12.212516, 0.663669, 0.636773
12.235207, 0.680427, 0.651549
12.257925, 0.698218, 0.667373
12.280672, 0.717079, 0.684323
12.303448, 0.737015, 0.702454
12.326252, 0.757985, 0.721785
12.349084, 0.779885, 0.742284
12.371945, 0.802567, 0.763867
12.394835, 0.825842, 0.786409
12.417754, 0.849503, 0.809758
12.440701, 0.873334, 0.833751
12.463677, 0.897125, 0.858221
12.486682, 0.920674, 0.883013
12.509716, 0.943791, 0.907981
12.532779, 0.966303, 0.933002
12.555871, 0.988052, 0.957966
12.578992, 1.008895, 0.982773
12.602142, 1.028709, 1.007329
12.625321, 1.047391, 1.031544
12.648530, 1.064875, 1.055342
12.671768, 1.081149, 1.078683
12.695035, 1.096254, 1.101590
12.718332, 1.110266, 1.124154
12.741658, 1.123239, 1.146499
12.765014, 1.135111, 1.168711
12.788399, 1.145619, 1.190725
12.811814, 1.154245, 1.212224
12.835259, 1.160223, 1.232583
12.858734, 1.162642, 1.250876
12.882238, 1.160597, 1.265980
12.905772, 1.153376, 1.276727
12.929336, 1.140599, 1.282080
12.952931, 1.122302, 1.281298
12.976555, 1.098952, 1.274071
13.000209, 1.071383, 1.260587
13.023894, 1.040656, 1.241505
13.047608, 1.007878, 1.217804
13.071353, 0.974023, 1.190567
13.095129, 0.939835, 1.160784
13.118935, 0.905809, 1.129250
13.142771, 0.872244, 1.096545
13.166637, 0.839300, 1.063078
13.190535, 0.807065, 1.029130
13.214463, 0.775583, 0.994906
13.238421, 0.744896, 0.960575
13.262411, 0.715049, 0.926299
13.286431, 0.686104, 0.892258
13.310482, 0.658136, 0.858643
13.334564, 0.631216, 0.825647
13.358677, 0.605413, 0.793454
13.382821, 0.580786, 0.762229
13.406996, 0.557391, 0.732128
13.431202, 0.535278, 0.703296
13.455440, 0.514493, 0.675866
13.479709, 0.495069, 0.649950
13.504009, 0.477022, 0.625627
13.528340, 0.460348, 0.602932
13.552703, 0.445013, 0.581843
13.577098, 0.430947, 0.562282
13.601524, 0.418049, 0.544117
13.625982, 0.406192, 0.527189
13.650471, 0.395241, 0.511336
13.674993, 0.385075, 0.496421
13.699546, 0.375602, 0.482349
13.724131, 0.366759, 0.469067
13.748748, 0.358513, 0.456557
13.773397, 0.350849, 0.444828
13.798078, 0.343764, 0.433912
13.822792, 0.337262, 0.423857
13.847537, 0.331347, 0.414717
13.872315, 0.326022, 0.406540
13.897125, 0.321281, 0.399356
13.921968, 0.317103, 0.393164
13.946843, 0.313458, 0.387924
13.971750, 0.310300, 0.383563
13.996690, 0.307570, 0.379970
14.021663, 0.305200, 0.377010
14.046669, 0.303117, 0.374538
14.071707, 0.301253, 0.372416
14.096778, 0.299555, 0.370533
14.121882, 0.297981, 0.368807
14.147020, 0.296504, 0.367187
14.172190, 0.295105, 0.365647
14.197393, 0.293777, 0.364181
14.222629, 0.292518, 0.362799
14.247899, 0.291337, 0.361518
14.273202, 0.290235, 0.360351
14.298538, 0.289206, 0.359298
14.323908, 0.288232, 0.358342
14.349311, 0.287281, 0.357446
14.374748, 0.286323, 0.356567
14.400219, 0.285337, 0.355671
14.425723, 0.284325, 0.354741
14.451261, 0.283307, 0.353783
14.476833, 0.282315, 0.352818
14.502439, 0.281388, 0.351875
14.528079, 0.280557, 0.350984
14.553752, 0.279843, 0.350163
14.579460, 0.279253, 0.349421
14.605202, 0.278781, 0.348753
14.630979, 0.278416, 0.348152
14.656789, 0.278151, 0.347612
14.682634, 0.277981, 0.347135
14.708514, 0.277909, 0.346731
14.734428, 0.277940, 0.346409
14.760376, 0.278086, 0.346190
14.786360, 0.278360, 0.346096
14.812378, 0.278777, 0.346155
14.838431, 0.279339, 0.346384
14.864518, 0.280033, 0.346786
14.890641, 0.280830, 0.347342
14.916799, 0.281692, 0.348022
14.942991, 0.282583, 0.348792
14.969219, 0.283473, 0.349624
14.995482, 0.284344, 0.350501
15.021781, 0.285186, 0.351420
15.048114, 0.285988, 0.352379
15.074484, 0.286730, 0.353365
15.100888, 0.287376, 0.354339
15.127329, 0.287884, 0.355244
15.153804, 0.288215, 0.356013
15.180316, 0.288350, 0.356597
15.206864, 0.288298, 0.356978
15.233447, 0.288090, 0.357168
15.260066, 0.287772, 0.357197
15.286721, 0.287395, 0.357109
15.313413, 0.287020, 0.356957
15.340140, 0.286712, 0.356805
15.366904, 0.286533, 0.356722
15.393704, 0.286525, 0.356762
15.420541, 0.286695, 0.356948
15.447414, 0.287000, 0.357248
15.474323, 0.287354, 0.357575
15.501269, 0.287637, 0.357800
15.528252, 0.287735, 0.357786
15.555271, 0.287561, 0.357427
15.582328, 0.287085, 0.356676
15.609421, 0.286330, 0.355553
15.636551, 0.285361, 0.354136
15.663718, 0.284261, 0.352533
15.690923, 0.283118, 0.350860
15.718164, 0.282012, 0.349226
15.745443, 0.281003, 0.347710
15.772760, 0.280131, 0.346365
15.800113, 0.279411, 0.345213
15.827504, 0.278841, 0.344249
15.854933, 0.278392, 0.343440
15.882400, 0.278019, 0.342729
15.909904, 0.277662, 0.342042
15.937446, 0.277270, 0.341309
15.965026, 0.276808, 0.340484
15.992644, 0.276274, 0.339559
16.020300, 0.275697, 0.338562
16.047994, 0.275126, 0.337551
16.075727, 0.274614, 0.336596
16.103497, 0.274209, 0.335758
16.131306, 0.273947, 0.335085
16.159154, 0.273850, 0.334610
16.187040, 0.273940, 0.334361
16.214964, 0.274237, 0.334366
16.242928, 0.274768, 0.334658
16.270930, 0.275565, 0.335278
16.298971, 0.276659, 0.336273
16.327051, 0.278071, 0.337685
16.355170, 0.279794, 0.339532
16.383328, 0.281790, 0.341793
16.411525, 0.283987, 0.344408
16.439762, 0.286300, 0.347290
16.468038, 0.288649, 0.350338
16.496353, 0.290967, 0.353457
16.524708, 0.293206, 0.356559
16.553102, 0.295337, 0.359578
16.581536, 0.297338, 0.362465
16.610010, 0.299192, 0.365188
16.638524, 0.300876, 0.367721
16.667077, 0.302352, 0.370029
16.695671, 0.303552, 0.372049
16.724305, 0.304387, 0.373687
16.752978, 0.304758, 0.374832
16.781693, 0.304595, 0.375387
16.810447, 0.303871, 0.375295
16.839242, 0.302599, 0.374535
16.868078, 0.300820, 0.373112
16.896954, 0.298600, 0.371063
16.925870, 0.296037, 0.368467
16.954828, 0.293258, 0.365452
16.983826, 0.290396, 0.362180
17.012866, 0.287569, 0.358807
17.041946, 0.284855, 0.355458
17.071068, 0.282293, 0.352211
17.100231, 0.279893, 0.349105
17.129435, 0.277639, 0.346143
17.158680, 0.275503, 0.343303
17.187967, 0.273452, 0.340552
17.217295, 0.271463, 0.337864
17.246666, 0.269534, 0.335236
17.276078, 0.267679, 0.332687
17.305531, 0.265912, 0.330240
17.335027, 0.264246, 0.327916
17.364565, 0.262695, 0.325735
17.394144, 0.261274, 0.323720
17.423766, 0.259993, 0.321888
17.453430, 0.258839, 0.320229
17.483137, 0.257763, 0.318692
17.512886, 0.256697, 0.317193
17.542678, 0.255578, 0.315648
17.572512, 0.254367, 0.313998
17.602389, 0.253047, 0.312209
17.632309, 0.251604, 0.310250
17.662271, 0.250021, 0.308092
17.692277, 0.248289, 0.305712
17.722326, 0.246411, 0.303109
17.752418, 0.244412, 0.300314
17.782553, 0.242327, 0.297374
17.812732, 0.240197, 0.294339
17.842954, 0.238061, 0.291256
17.873220, 0.235971, 0.288177
17.903530, 0.234001, 0.285180
17.933883, 0.232237, 0.282366
17.964280, 0.230760, 0.279837
17.994721, 0.229627, 0.277674
18.025206, 0.228859, 0.275918
18.055735, 0.228452, 0.274569
18.086308, 0.228397, 0.273618
18.116926, 0.228701, 0.273070
18.147588, 0.229394, 0.272961
18.178295, 0.230508, 0.273348
18.209047, 0.232055, 0.274274
18.239843, 0.234006, 0.275745
18.270683, 0.236281, 0.277708
18.301569, 0.238759, 0.280059
18.332500, 0.241298, 0.282659
18.363476, 0.243749, 0.285347
18.394497, 0.245976, 0.287963
18.425564, 0.247883, 0.290379
18.456676, 0.249432, 0.292522
18.487833, 0.250633, 0.294382
18.519036, 0.251497, 0.295969
18.550285, 0.251999, 0.297261
18.581579, 0.252061, 0.298171
18.612920, 0.251592, 0.298575
18.644306, 0.250532, 0.298361
18.675739, 0.248884, 0.297471
18.707217, 0.246717, 0.295919
18.738743, 0.244148, 0.293782
18.770314, 0.241321, 0.291185
18.801932, 0.238380, 0.288282
18.833597, 0.235447, 0.285224
18.865308, 0.232611, 0.282143
18.897067, 0.229932, 0.279139
18.928872, 0.227452, 0.276296
18.960724, 0.225210, 0.273679
18.992623, 0.223224, 0.271333
19.024570, 0.221480, 0.269263
19.056564, 0.219930, 0.267425
19.088605, 0.218503, 0.265739
19.120694, 0.217141, 0.264126
19.152831, 0.215830, 0.262548
19.185015, 0.214617, 0.261046
19.217248, 0.213594, 0.259727
19.249528, 0.212839, 0.258706
19.281857, 0.212376, 0.258045
19.314233, 0.212151, 0.257715
19.346658, 0.212067, 0.257623
19.379132, 0.212022, 0.257653
19.411653, 0.211943, 0.257708
19.444224, 0.211781, 0.257718
19.476843, 0.211504, 0.257627
19.509511, 0.211090, 0.257394
19.542229, 0.210532, 0.256994
19.574995, 0.209836, 0.256429
19.607810, 0.209026, 0.255726
19.640675, 0.208137, 0.254937
19.673589, 0.207205, 0.254132
19.706553, 0.206260, 0.253370
19.739566, 0.205320, 0.252694
19.772629, 0.204405, 0.252128
19.805742, 0.203539, 0.251690
19.838905, 0.202748, 0.251386
19.872118, 0.202032, 0.251179
19.905381, 0.201376, 0.250998
19.938694, 0.200779, 0.250784
19.972058, 0.200283, 0.250547
20.005473, 0.199954, 0.250365
20.038938, 0.199835, 0.250327
20.072454, 0.199900, 0.250460
20.106020, 0.200063, 0.250708
20.139638, 0.200221, 0.250977
20.173307, 0.200297, 0.251177
20.207027, 0.200243, 0.251238
20.240799, 0.200018, 0.251087
20.274622, 0.199578, 0.250639
20.308496, 0.198888, 0.249827
20.342422, 0.197952, 0.248650
20.376400, 0.196808, 0.247174
20.410431, 0.195505, 0.245498
20.444513, 0.194072, 0.243709
20.478647, 0.192510, 0.241847
20.512833, 0.190795, 0.239896
20.547072, 0.188882, 0.237791
20.581364, 0.186713, 0.235424
20.615708, 0.184243, 0.232688
20.650105, 0.181454, 0.229510
20.684555, 0.178369, 0.225873
20.719058, 0.175052, 0.221823
20.753614, 0.171597, 0.217455
20.788224, 0.168117, 0.212894
20.822886, 0.164723, 0.208274
20.857603, 0.161527, 0.203724
20.892373, 0.158639, 0.199370
20.927196, 0.156172, 0.195345
20.962074, 0.154251, 0.191800
20.997006, 0.153023, 0.188918
21.031991, 0.152644, 0.186899
21.067031, 0.153240, 0.185914
21.102126, 0.154866, 0.186047
21.137275, 0.157497, 0.187276
21.172478, 0.161040, 0.189496
21.207737, 0.165374, 0.192558
21.243050, 0.170383, 0.196318
21.278419, 0.175978, 0.200665
21.313842, 0.182112, 0.205541
21.349321, 0.188778, 0.210943
21.384855, 0.195993, 0.216899
21.420445, 0.203761, 0.223439
21.456091, 0.212049, 0.230552
21.491792, 0.220783, 0.238170
21.527549, 0.229850, 0.246172
21.563363, 0.239136, 0.254426
21.599232, 0.248561, 0.262841
21.635158, 0.258098, 0.271402
21.671141, 0.267734, 0.280171
21.707180, 0.277433, 0.289251
21.743275, 0.287108, 0.298756
21.779428, 0.296632, 0.308779
21.815638, 0.305893, 0.319355
21.851904, 0.314862, 0.330478
21.888228, 0.323631, 0.342144
21.924610, 0.332351, 0.354377
21.961049, 0.341146, 0.367198
21.997546, 0.350088, 0.380588
22.034100, 0.359224, 0.394491
22.070713, 0.368591, 0.408827
22.107383, 0.378180, 0.423506
22.144112, 0.387898, 0.438426
22.180900, 0.397580, 0.453499
22.217745, 0.407011, 0.468660
22.254650, 0.415929, 0.483822
22.291613, 0.424015, 0.498787
22.328635, 0.430933, 0.513241
22.365717, 0.436389, 0.526835
22.402857, 0.440180, 0.539275
22.440057, 0.442194, 0.550344
22.477316, 0.442411, 0.559910
22.514635, 0.440936, 0.567967
22.552014, 0.437979, 0.574631
22.589453, 0.433794, 0.580052
22.626952, 0.428652, 0.584367
22.664511, 0.422828, 0.587726
22.702131, 0.416561, 0.590307
22.739810, 0.409992, 0.592245
22.777551, 0.403167, 0.593575
22.815353, 0.396105, 0.594269
22.853215, 0.388830, 0.594307
22.891139, 0.381353, 0.593667
22.929123, 0.373649, 0.592288
22.967170, 0.365674, 0.590061
23.005277, 0.357391, 0.586859
23.043447, 0.348780, 0.582550
23.081678, 0.339862, 0.577047
23.119971, 0.330715, 0.570353
23.158327, 0.321458, 0.562576
23.196745, 0.312224, 0.553899
23.235225, 0.303144, 0.544568
23.273768, 0.294310, 0.534842
23.312373, 0.285725, 0.524859
23.351042, 0.277329, 0.514568
23.389773, 0.269100, 0.503878
23.428568, 0.261114, 0.492866
23.467426, 0.253528, 0.481849
23.506348, 0.246494, 0.471266
23.545333, 0.240100, 0.461505
23.584383, 0.234354, 0.452782
23.623496, 0.229206, 0.445131
23.662673, 0.224588, 0.438466
23.701915, 0.220431, 0.432655
23.741221, 0.216672, 0.427553
23.780592, 0.213256, 0.422995
23.820028, 0.210154, 0.418832
23.859528, 0.207391, 0.415014
23.899094, 0.205027, 0.411620
23.938725, 0.203123, 0.408777
23.978421, 0.201715, 0.406554
24.018183, 0.200815, 0.404938
24.058011, 0.200403, 0.403884
24.097905, 0.200410, 0.403337
24.137865, 0.200710, 0.403179
24.177891, 0.201168, 0.403212
24.217983, 0.201696, 0.403224
24.258142, 0.202293, 0.403091
24.298368, 0.203033, 0.402810
24.338661, 0.204013, 0.402443
24.379021, 0.205290, 0.402024
24.419448, 0.206874, 0.401517
24.459943, 0.208748, 0.400858
24.500505, 0.210917, 0.400039
24.541134, 0.213402, 0.399169
24.581832, 0.216198, 0.398441
24.622598, 0.219240, 0.398008
24.663432, 0.222409, 0.397877
24.704335, 0.225592, 0.397900
24.745306, 0.228738, 0.397910
24.786346, 0.231867, 0.397847
24.827455, 0.235017, 0.397783
24.868633, 0.238174, 0.397865
24.909881, 0.241238, 0.398262
24.951198, 0.244018, 0.399101
24.992584, 0.246231, 0.400389
25.034041, 0.247506, 0.401997
25.075567, 0.247466, 0.403686
25.117164, 0.245866, 0.405186
25.158831, 0.242701, 0.406240
25.200568, 0.238189, 0.406583
25.242377, 0.232693, 0.405960
25.284256, 0.226675, 0.404259
25.326206, 0.220677, 0.401691
25.368228, 0.215268, 0.398718
25.410321, 0.210913, 0.395768
25.452485, 0.207863, 0.393033
25.494722, 0.206092, 0.390523
25.537030, 0.205299, 0.388230
25.579411, 0.205017, 0.386192
25.621864, 0.204822, 0.384446
25.664390, 0.204538, 0.382981
25.706988, 0.204299, 0.381766
25.749659, 0.204419, 0.380823
25.792403, 0.205194, 0.380213
25.835221, 0.206763, 0.379917
25.878112, 0.209118, 0.379687
25.921077, 0.212197, 0.379078
25.964116, 0.215955, 0.377729
26.007229, 0.220363, 0.375604
26.050416, 0.225356, 0.372931
26.093677, 0.230785, 0.369988
26.137013, 0.236440, 0.367005
26.180424, 0.242159, 0.364122
26.223910, 0.247903, 0.361363
26.267471, 0.253754, 0.358641
26.311108, 0.259854, 0.355816
26.354820, 0.266400, 0.352705
26.398608, 0.273684, 0.349088
26.442472, 0.282069, 0.344798
26.486413, 0.291828, 0.339844
26.530429, 0.302916, 0.334435
26.574522, 0.314778, 0.328895
26.618692, 0.326348, 0.323587
26.662940, 0.336375, 0.318869
26.707264, 0.343902, 0.315105
26.751665, 0.348607, 0.312701
26.796145, 0.350821, 0.312131
26.840702, 0.351326, 0.313884
26.885337, 0.351069, 0.318254
26.930050, 0.350941, 0.325083
26.974842, 0.351679, 0.333712
27.019712, 0.353800, 0.343231
27.064662, 0.357447, 0.352876
27.109690, 0.362208, 0.362338
27.154798, 0.367070, 0.371773
27.199985, 0.370746, 0.381506
27.245251, 0.372227, 0.391681
27.290598, 0.371087, 0.402111
27.336025, 0.367305, 0.412282
27.381532, 0.360980, 0.421417
27.427119, 0.352431, 0.428584
27.472788, 0.342544, 0.432878
27.518537, 0.332826, 0.433770
27.564367, 0.324881, 0.431428
27.610279, 0.319768, 0.426627
27.656272, 0.317864, 0.420270
27.702348, 0.319267, 0.412982
27.748505, 0.324225, 0.405116
27.794744, 0.333110, 0.397030
27.841067, 0.346076, 0.389232
27.887471, 0.362831, 0.382218
27.933959, 0.382827, 0.376230
27.980530, 0.405570, 0.371302
28.027184, 0.430716, 0.367533
28.073922, 0.457948, 0.365178
28.120743, 0.486968, 0.364399
28.167649, 0.517672, 0.365012
28.214639, 0.550149, 0.366586
28.261713, 0.584428, 0.368799
28.308872, 0.620263, 0.371614
28.356116, 0.657168, 0.375124
28.403446, 0.694584, 0.379346
28.450860, 0.732018, 0.384190
28.498361, 0.769083, 0.389540
28.545947, 0.805482, 0.395277
28.593619, 0.840981, 0.401260
28.641378, 0.875346, 0.407297
28.689223, 0.908333, 0.413147
28.737155, 0.939853, 0.418600
28.785174, 0.970329, 0.423585
28.833280, 1.001034, 0.428192
28.881474, 1.033916, 0.432545
28.929756, 1.070862, 0.436622
28.978126, 1.113023, 0.440248
29.026584, 1.160540, 0.443200
29.075130, 1.212590, 0.445266
29.123765, 1.267872, 0.446227
29.172489, 1.325465, 0.445890
29.221303, 1.385491, 0.444175
29.270206, 1.448950, 0.441135
29.319198, 1.516524, 0.436931
29.368281, 1.586952, 0.431870
29.417453, 1.656390, 0.426481
29.466717, 1.720067, 0.421371
29.516071, 1.775006, 0.416954
29.565515, 1.820512, 0.413437
29.615051, 1.856713, 0.410989
29.664679, 1.884346, 0.409805
29.714398, 1.905520, 0.410014
29.764209, 1.923037, 0.411588
29.814113, 1.939139, 0.414359
29.864109, 1.955234, 0.418086
29.914197, 1.971913, 0.422464
29.964379, 1.988559, 0.427166
30.014654, 2.003029, 0.432052
30.065022, 2.012171, 0.437346
30.115484, 2.013703, 0.443365
30.166041, 2.008176, 0.449941
30.216691, 1.999217, 0.456147
30.267436, 1.991754, 0.460596
30.318276, 1.990067, 0.462022
30.369211, 1.997278, 0.459780
30.420242, 2.014945, 0.454049
30.471368, 2.042064, 0.445735
30.522589, 2.075060, 0.436102
30.573908, 2.109144, 0.426410
30.625322, 2.140015, 0.417709
30.676833, 2.165376, 0.410677
30.728442, 2.185930, 0.405528
30.780147, 2.204450, 0.402030
30.831950, 2.222662, 0.399645
30.883851, 2.239249, 0.397828
30.935850, 2.251485, 0.396280
30.987947, 2.257793, 0.394886
31.040143, 2.258714, 0.393540
31.092438, 2.256225, 0.392108
31.144832, 2.251718, 0.390506
31.197326, 2.244553, 0.388605
31.249919, 2.232295, 0.386093
31.302613, 2.212268, 0.382623
31.355406, 2.183856, 0.378127
31.408301, 2.149133, 0.372907
31.461296, 2.111177, 0.367418
31.514393, 2.072555, 0.362093
31.567591, 2.035038, 0.357398
31.620891, 2.000247, 0.353728
31.674292, 1.969671, 0.351114
31.727797, 1.943644, 0.349327
31.781404, 1.920895, 0.348321
31.835114, 1.898918, 0.348332
31.888927, 1.874758, 0.349502
31.942844, 1.846244, 0.351535
31.996864, 1.812704, 0.353878
32.050989, 1.773998, 0.356157
32.105219, 1.730087, 0.358430
32.159553, 1.682520, 0.361126
32.213992, 1.634264, 0.364661
32.268536, 1.587330, 0.369211
32.323186, 1.542248, 0.374955
32.377943, 1.499393, 0.382247
32.432805, 1.458745, 0.391434
32.487774, 1.419210, 0.402703
32.542850, 1.379505, 0.415953
32.598033, 1.338946, 0.430789
32.653324, 1.297651, 0.446694
32.708723, 1.257035, 0.463155
32.764230, 1.219733, 0.479703
32.819845, 1.188406, 0.496171
32.875569, 1.164251, 0.512873
32.931403, 1.146094, 0.530139
32.987345, 1.131092, 0.547777
33.043398, 1.116805, 0.565243
33.099560, 1.102301, 0.582251
33.155833, 1.087559, 0.599083
33.212217, 1.072763, 0.616219
33.268712, 1.058181, 0.633812
33.325318, 1.044008, 0.651422
33.382036, 1.030252, 0.668524
33.438866, 1.017016, 0.685250
33.495809, 1.004495, 0.701954
33.552864, 0.992651, 0.718595
33.610032, 0.981506, 0.735143
33.667314, 0.971616, 0.751780
33.724710, 0.963914, 0.768615
33.782219, 0.958960, 0.785573
33.839843, 0.956157, 0.802229
33.897582, 0.953760, 0.817919
33.955435, 0.950068, 0.831966
34.013405, 0.944418, 0.843621
34.071490, 0.936416, 0.852355
34.129691, 0.925073, 0.858219
34.188009, 0.909758, 0.861855
34.246443, 0.891367, 0.864402
34.304995, 0.871862, 0.867090
34.363664, 0.852533, 0.870904
34.422451, 0.833118, 0.876876
34.481357, 0.812874, 0.885939
34.540381, 0.791596, 0.898001
34.599524, 0.769731, 0.912012
34.658786, 0.748209, 0.926971
34.718168, 0.727803, 0.942475
34.777670, 0.708937, 0.958784
34.837293, 0.692336, 0.976628
34.897036, 0.679206, 0.996868
34.956901, 0.670717, 1.019621
35.016887, 0.667625, 1.043324
35.076995, 0.670067, 1.064721
35.137225, 0.677406, 1.081242
35.197578, 0.688391, 1.094110
35.258054, 0.701754, 1.107124
35.318653, 0.716723, 1.122975
35.379376, 0.733007, 1.141440
35.440223, 0.750105, 1.160400
35.501195, 0.766528, 1.177802
35.562291, 0.780590, 1.191950
35.623513, 0.791913, 1.200999
35.684861, 0.801247, 1.204090
35.746334, 0.809144, 1.202509
35.807935, 0.816323, 1.198728
35.869661, 0.824650, 1.195599
35.931516, 0.836064, 1.195643
35.993498, 0.850956, 1.200430
36.055607, 0.867271, 1.210374
36.117846, 0.880889, 1.223331
36.180213, 0.887791, 1.234118
36.242709, 0.886052, 1.237570
36.305335, 0.876294, 1.232374
36.368091, 0.860836, 1.222029
36.430978, 0.841988, 1.211076
36.493995, 0.820621, 1.201149
36.557144, 0.796030, 1.191907
36.620424, 0.767516, 1.182729
36.683836, 0.735784, 1.171137
36.747381, 0.702857, 1.153161
36.811059, 0.671009, 1.127631
36.874870, 0.641706, 1.096586
36.938815, 0.615213, 1.061765
37.002894, 0.590825, 1.022841
37.067107, 0.567648, 0.978753
37.131456, 0.545283, 0.929942
37.195940, 0.523972, 0.878577
37.260560, 0.504255, 0.827491
37.325316, 0.486379, 0.779149
37.390209, 0.470115, 0.735252
37.455239, 0.455113, 0.696548
37.520407, 0.441200, 0.662469
37.585712, 0.428128, 0.631415
37.651157, 0.415685, 0.602071
37.716740, 0.404074, 0.574550
37.782462, 0.393582, 0.549889
37.848324, 0.384483, 0.528675
37.914327, 0.377297, 0.511026
37.980470, 0.372273, 0.497062
38.046754, 0.369196, 0.486837
38.113180, 0.367805, 0.480600
38.179748, 0.368242, 0.478754
38.246459, 0.371583, 0.481409
38.313313, 0.379663, 0.488304
38.380309, 0.394408, 0.498555
38.447450, 0.416979, 0.510620
38.514735, 0.446409, 0.522903
38.582165, 0.478821, 0.534488
38.649741, 0.509051, 0.544974
38.717462, 0.534059, 0.553764
38.785329, 0.554195, 0.560596
38.853343, 0.570672, 0.566571
38.921504, 0.583487, 0.572959
38.989813, 0.592708, 0.579541
39.058270, 0.599588, 0.585628
39.126876, 0.605161, 0.591544
39.195630, 0.609479, 0.598182
39.264535, 0.612728, 0.606410
39.333589, 0.615376, 0.616689
39.402794, 0.617175, 0.628083
39.472150, 0.617601, 0.638105
39.541658, 0.617273, 0.645023
39.611317, 0.617446, 0.649499
39.681129, 0.618769, 0.653297
39.751095, 0.620917, 0.657555
39.821214, 0.622900, 0.662113
39.891486, 0.624140, 0.666495
39.961914, 0.624744, 0.670263
40.032496, 0.625070, 0.672750
40.103235, 0.625946, 0.674116
40.174129, 0.628188, 0.675661
40.245180, 0.631683, 0.678393
40.316388, 0.635934, 0.682227
40.387754, 0.640687, 0.686069
40.459278, 0.646003, 0.688413
40.530960, 0.652365, 0.688927
40.602802, 0.660311, 0.689572
40.674804, 0.668893, 0.692928
40.746966, 0.675406, 0.699610
40.819289, 0.678042, 0.708823
40.891773, 0.676994, 0.720382
40.964420, 0.672749, 0.734395
41.037228, 0.664840, 0.749909
41.110200, 0.652354, 0.764767
41.183335, 0.635304, 0.776592
41.256635, 0.615011, 0.783555
41.330099, 0.593776, 0.784762
41.403728, 0.573216, 0.782040
41.477524, 0.553268, 0.778543
41.551485, 0.533881, 0.776400
41.625614, 0.515728, 0.777676
41.699909, 0.499589, 0.784523
41.774373, 0.485596, 0.797235
41.849006, 0.473153, 0.812779
41.923808, 0.461550, 0.826566
41.998779, 0.449892, 0.835538
42.073921, 0.437520, 0.838543
42.149234, 0.424638, 0.834333
42.224718, 0.412398, 0.821446
42.300375, 0.402686, 0.801143
42.376204, 0.396977, 0.778124
42.452206, 0.395153, 0.757009
42.528383, 0.395705, 0.739801
42.604733, 0.396948, 0.726372
42.681259, 0.397791, 0.715099
42.757961, 0.398041, 0.704086
42.834838, 0.398490, 0.692695
42.911893, 0.399955, 0.681943
42.989125, 0.402545, 0.673365
43.066536, 0.405888, 0.667700
43.144125, 0.408952, 0.664576
43.221893, 0.410562, 0.663508
43.299841, 0.410108, 0.664502
43.377970, 0.407567, 0.667096
43.456281, 0.403897, 0.670545
43.534773, 0.400656, 0.673733
43.613447, 0.398958, 0.675230
43.692305, 0.398662, 0.673548
43.771346, 0.398773, 0.667891
43.850572, 0.398208, 0.660029
43.929983, 0.395821, 0.652052
44.009580, 0.391223, 0.643811
44.089363, 0.385444, 0.634158
44.169333, 0.380027, 0.622459
44.249490, 0.375964, 0.609712
44.329836, 0.372949, 0.598321
44.410371, 0.369040, 0.588772
44.491096, 0.362878, 0.578944
44.572011, 0.355442, 0.567559
44.653117, 0.348213, 0.555050
44.734415, 0.342018, 0.542183
44.815905, 0.336964, 0.529240
44.897588, 0.332821, 0.516235
44.979465, 0.329884, 0.503509
45.061537, 0.328535, 0.491103
45.143803, 0.328676, 0.479037
45.226265, 0.330433, 0.468102
45.308924, 0.334445, 0.459145
45.391780, 0.341140, 0.453073
45.474834, 0.349402, 0.450337
45.558087, 0.356490, 0.449124
45.641539, 0.360589, 0.446597
45.725191, 0.363055, 0.442293
45.809044, 0.366401, 0.438017
45.893098, 0.371586, 0.435397
45.977355, 0.377532, 0.435343
46.061814, 0.381472, 0.437687
46.146477, 0.381147, 0.441018
46.231345, 0.375716, 0.443510
46.316418, 0.365365, 0.443677
46.401697, 0.351539, 0.441031
46.487183, 0.336029, 0.435464
46.572876, 0.320566, 0.426870
46.658777, 0.307146, 0.416588
46.744887, 0.296625, 0.406835
46.831207, 0.288227, 0.398648
46.917737, 0.280306, 0.391200
47.004479, 0.271935, 0.382522
47.091432, 0.263949, 0.372330
47.178599, 0.257218, 0.362486
47.265979, 0.251561, 0.353968
47.353573, 0.246719, 0.346596
47.441382, 0.242613, 0.340445
47.529408, 0.238836, 0.335198
47.617650, 0.234623, 0.330026
47.706110, 0.229300, 0.323656
47.794788, 0.223322, 0.315173
47.883685, 0.217846, 0.305413
47.972803, 0.213194, 0.295556
48.062141, 0.209135, 0.286286
48.151701, 0.205462, 0.277922
48.241483, 0.202467, 0.270558
48.331488, 0.200837, 0.264528
48.421718, 0.200452, 0.260012
48.512172, 0.200577, 0.256923
48.602853, 0.200699, 0.255095
48.693760, 0.200526, 0.253960
48.784894, 0.200111, 0.252888
48.876257, 0.199706, 0.251882
48.967849, 0.199280, 0.251292
49.059671, 0.198482, 0.251133
49.151724, 0.196980, 0.250731
49.244009, 0.195077, 0.249704
49.336526, 0.193411, 0.248459
49.429277, 0.192733, 0.247647
49.522263, 0.193539, 0.247341
49.615484, 0.195493, 0.246961
49.708941, 0.197418, 0.246392
49.802635, 0.198125, 0.245774
49.896568, 0.197654, 0.245130
49.990739, 0.196632, 0.244954
50.085150, 0.194845, 0.245391
50.179802, 0.192212, 0.245720
50.274695, 0.189633, 0.245593
50.369832, 0.187513, 0.244763
50.465211, 0.185402, 0.242510
50.560836, 0.183327, 0.238670
50.656705, 0.181705, 0.233667
50.752821, 0.181213, 0.228480
50.849185, 0.182468, 0.224384
50.945796, 0.185362, 0.222293
51.042657, 0.189162, 0.222034
51.139769, 0.193640, 0.223326
51.237131, 0.198511, 0.226378
51.334745, 0.202803, 0.230768
51.432613, 0.206063, 0.235832
51.530735, 0.207964, 0.241175
51.629112, 0.208076, 0.246060
51.727745, 0.206913, 0.250142
51.826635, 0.205002, 0.253346
51.925783, 0.202432, 0.254918
52.025191, 0.199337, 0.253879
52.124858, 0.196190, 0.250244
52.224787, 0.193074, 0.245458
52.324978, 0.188890, 0.240291
52.425432, 0.183197, 0.234400
52.526151, 0.177195, 0.228028
52.627135, 0.172445, 0.222320
52.728385, 0.169681, 0.218245
52.829903, 0.168946, 0.216521
52.931689, 0.169699, 0.217279
53.033744, 0.171332, 0.219519
53.136071, 0.172999, 0.221197
53.238669, 0.174264, 0.221193
53.341539, 0.175549, 0.220267
53.444684, 0.177049, 0.218881
53.548104, 0.179457, 0.218094
53.651799, 0.183032, 0.219428
53.755772, 0.186290, 0.222217
53.860024, 0.187825, 0.223944
53.964554, 0.187977, 0.223671
54.069365, 0.187564, 0.222912
54.174458, 0.186656, 0.222866
54.279834, 0.184752, 0.222476
54.385493, 0.182166, 0.220482
54.491438, 0.179722, 0.217768
54.597669, 0.177866, 0.216022
54.704187, 0.176393, 0.215826
54.810994, 0.174995, 0.216825
54.918091, 0.173584, 0.218835
55.025479, 0.172289, 0.221594
55.133158, 0.171469, 0.224840
55.241131, 0.171244, 0.228626
55.349399, 0.171004, 0.232387
55.457962, 0.169810, 0.235397
55.566823, 0.167003, 0.236596
55.675981, 0.162539, 0.234700
55.785439, 0.156977, 0.229312
55.895197, 0.151253, 0.221463
56.005257, 0.146464, 0.213457
56.115621, 0.143241, 0.207437
56.226289, 0.140739, 0.203555
56.337262, 0.137747, 0.200080
56.448542, 0.134610, 0.196022
56.560131, 0.132098, 0.192243
56.672029, 0.129928, 0.189101
56.784237, 0.127769, 0.185706
56.896758, 0.126162, 0.182378
57.009592, 0.124968, 0.179632
57.122740, 0.123947, 0.177540
57.236205, 0.123465, 0.176224
57.349987, 0.124108, 0.176096
57.464087, 0.125191, 0.176513
57.578508, 0.126108, 0.176335
57.693250, 0.127798, 0.176114
57.808314, 0.131114, 0.177257
57.923703, 0.135627, 0.180339
58.039416, 0.139821, 0.184483
58.155457, 0.142225, 0.187885
58.271826, 0.143063, 0.189964
58.388524, 0.143272, 0.191479
58.505553, 0.143268, 0.192996
58.622915, 0.143082, 0.194172
58.740611, 0.143548, 0.194996
58.858641, 0.145910, 0.197481
58.977009, 0.149295, 0.202162
59.095714, 0.152473, 0.207916
59.214759, 0.155252, 0.214766
59.334145, 0.157720, 0.222597
59.453873, 0.159905, 0.231442
59.573946, 0.160770, 0.240708
59.694364, 0.159113, 0.247975
59.815128, 0.155280, 0.251275
59.936241, 0.150823, 0.251130
60.057704, 0.146716, 0.249930
60.179519, 0.143076, 0.249320
60.301686, 0.139846, 0.250370
60.424208, 0.136932, 0.254080
60.547086, 0.133894, 0.259226
60.670322, 0.130870, 0.264578
60.793917, 0.127271, 0.270069
60.917873, 0.122356, 0.274460
61.042191, 0.115936, 0.276469
61.166872, 0.107995, 0.275635
61.291920, 0.099190, 0.271710
61.417334, 0.090803, 0.265321
61.543117, 0.083317, 0.255590
61.669271, 0.076816, 0.240235
61.795797, 0.071636, 0.221087
61.922696, 0.068035, 0.203211
62.049971, 0.065594, 0.188403
62.177622, 0.063736, 0.176291
62.305653, 0.061562, 0.165793
62.434063, 0.058396, 0.153527
62.562856, 0.054883, 0.137958
62.692032, 0.051445, 0.120372
62.821594, 0.048327, 0.102862
62.951543, 0.045851, 0.088114
63.081882, 0.044029, 0.077223
63.212610, 0.042759, 0.069090
63.343732, 0.042014, 0.063183
63.475247, 0.041446, 0.058849
63.607159, 0.040679, 0.055241
63.739468, 0.039051, 0.051370
63.872177, 0.035866, 0.046221
64.005287, 0.032045, 0.040628
64.138800, 0.029284, 0.036501
64.272719, 0.028015, 0.034385
64.407044, 0.027431, 0.033267
64.541779, 0.027011, 0.032270
64.676924, 0.026599, 0.031305
64.812481, 0.026096, 0.030480
64.948453, 0.025222, 0.029432
65.084841, 0.024171, 0.028170
65.221647, 0.023281, 0.027004
65.358874, 0.022594, 0.026056
65.496523, 0.022115, 0.025378
65.634595, 0.021735, 0.024770
65.773094, 0.021427, 0.024170
65.912021, 0.021360, 0.023851
66.051377, 0.021579, 0.023918
66.191166, 0.021888, 0.024187
66.331388, 0.022129, 0.024399
66.472047, 0.022296, 0.024489
66.613144, 0.022271, 0.024385
66.754680, 0.021862, 0.023863
66.896659, 0.021289, 0.023096
67.039082, 0.020940, 0.022515
67.181952, 0.020926, 0.022267
67.325270, 0.021088, 0.022229
67.469038, 0.021422, 0.022444
67.613259, 0.021842, 0.022744
67.757935, 0.022238, 0.023043
67.903068, 0.022372, 0.023141
68.048660, 0.022407, 0.023175
68.194713, 0.022347, 0.023245
68.341230, 0.022221, 0.023428
68.488212, 0.022419, 0.023962
68.635663, 0.022899, 0.024761
68.783583, 0.023331, 0.025492
68.931976, 0.023381, 0.025770
69.080844, 0.022946, 0.025391
69.230189, 0.022287, 0.024607
69.380013, 0.021749, 0.023827
69.530318, 0.021128, 0.022892
69.681108, 0.020237, 0.021624
69.832383, 0.019465, 0.020506
69.984148, 0.018907, 0.019794
70.136403, 0.018351, 0.019203
70.289152, 0.017911, 0.018819
70.442396, 0.017689, 0.018766
70.596139, 0.017702, 0.019000
70.750382, 0.017866, 0.019397
70.905128, 0.018032, 0.019766
71.060380, 0.018158, 0.020018
71.216140, 0.018198, 0.020097
71.372410, 0.017948, 0.019824
71.529194, 0.017219, 0.019000
71.686492, 0.016307, 0.017912
71.844309, 0.015704, 0.017156
72.002647, 0.015562, 0.017018
72.161508, 0.015794, 0.017357
72.320895, 0.016254, 0.017946
72.480810, 0.016869, 0.018698
72.641256, 0.017559, 0.019552
72.802236, 0.018004, 0.020138
72.963753, 0.017907, 0.020106
73.125808, 0.017622, 0.019858
73.288406, 0.017167, 0.019396
73.451548, 0.016544, 0.018711
73.615237, 0.016152, 0.018253
73.779476, 0.015900, 0.017948
73.944268, 0.015477, 0.017490
74.109615, 0.015086, 0.017097
74.275521, 0.014688, 0.016642
74.441989, 0.014157, 0.015960
74.609020, 0.013521, 0.015146
74.776618, 0.013037, 0.014534
74.944786, 0.012779, 0.014169
75.113527, 0.012813, 0.014129
75.282844, 0.013112, 0.014421
75.452739, 0.013616, 0.014990
75.623216, 0.014129, 0.015645
75.794277, 0.014633, 0.016307
75.965926, 0.014974, 0.016765
76.138166, 0.014497, 0.016306
76.310999, 0.013616, 0.015377
76.484429, 0.012950, 0.014640
76.658460, 0.012455, 0.014069
76.833093, 0.011901, 0.013411
77.008332, 0.011371, 0.012798
77.184180, 0.010837, 0.012200
77.360642, 0.010305, 0.011627
77.537718, 0.009988, 0.011262
77.715414, 0.009855, 0.011059
77.893732, 0.009927, 0.011049
78.072675, 0.010192, 0.011222
78.252247, 0.010646, 0.011605
78.432451, 0.011028, 0.011925
78.613290, 0.011269, 0.012016
78.794769, 0.011655, 0.012139
78.976889, 0.012287, 0.012389
79.159655, 0.012973, 0.012718
79.343070, 0.013117, 0.012744
79.527137, 0.012863, 0.012582
79.711861, 0.011925, 0.011924
79.897244, 0.009956, 0.010216
80.083289, 0.007991, 0.008281
80.270002, 0.006663, 0.006876
80.457385, 0.005760, 0.005881
80.645441, 0.005144, 0.005172
80.834175, 0.004794, 0.004735
81.023590, 0.004665, 0.004543
81.213689, 0.004612, 0.004464
81.404478, 0.004547, 0.004405
81.595958, 0.004327, 0.004219
81.788134, 0.003936, 0.003875
81.981011, 0.003512, 0.003487
82.174591, 0.003283, 0.003275
82.368878, 0.003147, 0.003148
82.563877, 0.003052, 0.003056
82.759591, 0.002975, 0.002977
82.956025, 0.002911, 0.002901
83.153181, 0.002860, 0.002841
83.351065, 0.002825, 0.002796
83.549680, 0.002893, 0.002849
83.749031, 0.002965, 0.002911
83.949120, 0.002957, 0.002896
84.149954, 0.002931, 0.002868
84.351535, 0.002876, 0.002814
84.553868, 0.002867, 0.002803
84.756957, 0.002897, 0.002825
84.960806, 0.003063, 0.002977
85.165420, 0.003320, 0.003227
85.370803, 0.003540, 0.003462
85.576959, 0.003466, 0.003435
85.783893, 0.003194, 0.003205
85.991609, 0.002860, 0.002890
86.200111, 0.002381, 0.002404
86.409404, 0.001982, 0.001984
86.619493, 0.001876, 0.001860
86.830382, 0.001918, 0.001890
87.042075, 0.001977, 0.001944
87.254578, 0.001999, 0.001969
87.467894, 0.002004, 0.001979
87.682029, 0.002017, 0.001990
87.896987, 0.002110, 0.002072
88.112773, 0.002237, 0.002193
88.329392, 0.002391, 0.002335
88.546849, 0.002689, 0.002618
88.765148, 0.002818, 0.002755
88.984295, 0.002633, 0.002585
89.204294, 0.002470, 0.002414
89.425150, 0.002398, 0.002323
89.646869, 0.002351, 0.002264
89.869455, 0.002264, 0.002178
90.092913, 0.002213, 0.002135
90.317250, 0.002123, 0.002062
90.542469, 0.001992, 0.001947
90.768576, 0.001948, 0.001909
90.995576, 0.002010, 0.001972
91.223475, 0.002083, 0.002049
91.452278, 0.002120, 0.002087
91.681991, 0.002261, 0.002220
91.912618, 0.002363, 0.002317
92.144166, 0.002223, 0.002181
92.376639, 0.002068, 0.002024
92.610043, 0.002020, 0.001974
92.844385, 0.001982, 0.001940
93.079669, 0.001951, 0.001913
93.315902, 0.001995, 0.001956
93.553089, 0.002015, 0.001978
93.791235, 0.002076, 0.002045
94.030347, 0.002100, 0.002083
94.270431, 0.002156, 0.002150
94.511492, 0.002190, 0.002192
94.753537, 0.002116, 0.002129
94.996571, 0.001874, 0.001892
95.240601, 0.001687, 0.001701
95.485633, 0.001630, 0.001641
95.731672, 0.001606, 0.001618
95.978726, 0.001533, 0.001551
96.226800, 0.001343, 0.001366
96.475901, 0.001056, 0.001082
96.726035, 0.000766, 0.000792
96.977209, 0.000579, 0.000604
97.229429, 0.000487, 0.000512
97.482701, 0.000444, 0.000469
