# energy, eels_NLFC_w, eels_LFC_w
0.000000, -0.000000, -0.000000
0.010004, 0.000006, 0.000006
0.020017, 0.000012, 0.000012
0.030037, 0.000017, 0.000018
0.040066, 0.000023, 0.000023
0.050104, 0.000029, 0.000029
0.060149, 0.000035, 0.000035
0.070204, 0.000041, 0.000041
0.080266, 0.000047, 0.000047
0.090337, 0.000053, 0.000053
0.100416, 0.000059, 0.000059
0.110503, 0.000064, 0.000065
0.120599, 0.000070, 0.000070
0.130704, 0.000076, 0.000076
0.140817, 0.000082, 0.000082
0.150938, 0.000088, 0.000088
0.161067, 0.000094, 0.000094
0.171206, 0.000100, 0.000100
0.181352, 0.000106, 0.000106
0.191507, 0.000112, 0.000112
0.201671, 0.000118, 0.000118
0.211843, 0.000123, 0.000124
0.222023, 0.000129, 0.000130
0.232212, 0.000135, 0.000136
0.242410, 0.000141, 0.000142
0.252616, 0.000147, 0.000148
0.262831, 0.000153, 0.000154
0.273054, 0.000159, 0.000160
0.283286, 0.000165, 0.000166
0.293526, 0.000171, 0.000172
0.303775, 0.000177, 0.000178
0.314032, 0.000183, 0.000184
0.324299, 0.000189, 0.000190
0.334573, 0.000195, 0.000196
0.344857, 0.000201, 0.000202
0.355149, 0.000207, 0.000208
0.365449, 0.000213, 0.000214
0.375759, 0.000219, 0.000220
0.386077, 0.000225, 0.000226
0.396404, 0.000231, 0.000232
0.406739, 0.000237, 0.000238
0.417083, 0.000243, 0.000244
0.427436, 0.000250, 0.000250
0.437798, 0.000256, 0.000256
0.448168, 0.000262, 0.000262
0.458547, 0.000268, 0.000268
0.468935, 0.000274, 0.000274
0.479332, 0.000280, 0.000281
0.489737, 0.000286, 0.000287
0.500151, 0.000292, 0.000293
0.510574, 0.000298, 0.000299
0.521006, 0.000304, 0.000305
0.531447, 0.000311, 0.000311
0.541896, 0.000317, 0.000317
0.552355, 0.000323, 0.000324
0.562822, 0.000329, 0.000330
0.573298, 0.000335, 0.000336
0.583783, 0.000341, 0.000342
0.594277, 0.000348, 0.000348
0.604780, 0.000354, 0.000355
0.615292, 0.000360, 0.000361
0.625812, 0.000366, 0.000367
0.636342, 0.000372, 0.000373
0.646881, 0.000379, 0.000379
0.657428, 0.000385, 0.000386
0.667985, 0.000391, 0.000392
0.678550, 0.000397, 0.000398
0.689125, 0.000404, 0.000405
0.699708, 0.000410, 0.000411
0.710301, 0.000416, 0.000417
0.720903, 0.000422, 0.000423
0.731513, 0.000429, 0.000430
0.742133, 0.000435, 0.000436
0.752762, 0.000441, 0.000442
0.763400, 0.000448, 0.000449
0.774047, 0.000454, 0.000455
0.784703, 0.000460, 0.000461
0.795368, 0.000467, 0.000468
0.806042, 0.000473, 0.000474
0.816726, 0.000479, 0.000481
0.827418, 0.000486, 0.000487
0.838120, 0.000492, 0.000493
0.848831, 0.000499, 0.000500
0.859551, 0.000505, 0.000506
0.870280, 0.000511, 0.000513
0.881019, 0.000518, 0.000519
0.891767, 0.000524, 0.000525
0.902524, 0.000531, 0.000532
0.913290, 0.000537, 0.000538
0.924066, 0.000544, 0.000545
0.934850, 0.000550, 0.000551
0.945645, 0.000557, 0.000558
0.956448, 0.000563, 0.000564
0.967261, 0.000570, 0.000571
0.978083, 0.000576, 0.000577
0.988914, 0.000583, 0.000584
0.999755, 0.000589, 0.000590
1.010605, 0.000596, 0.000597
1.021464, 0.000602, 0.000604
1.032333, 0.000609, 0.000610
1.043211, 0.000615, 0.000617
1.054099, 0.000622, 0.000623
1.064996, 0.000629, 0.000630
1.075902, 0.000635, 0.000637
1.086818, 0.000642, 0.000643
1.097744, 0.000648, 0.000650
1.108678, 0.000655, 0.000657
1.119623, 0.000662, 0.000663
1.130576, 0.000668, 0.000670
1.141540, 0.000675, 0.000677
1.152512, 0.000682, 0.000683
1.163495, 0.000688, 0.000690
1.174487, 0.000695, 0.000697
1.185488, 0.000702, 0.000704
1.196499, 0.000709, 0.000710
1.207520, 0.000715, 0.000717
1.218550, 0.000722, 0.000724
1.229590, 0.000729, 0.000731
1.240639, 0.000736, 0.000737
1.251698, 0.000742, 0.000744
1.262767, 0.000749, 0.000751
1.273845, 0.000756, 0.000758
1.284933, 0.000763, 0.000765
1.296031, 0.000770, 0.000772
1.307138, 0.000777, 0.000779
1.318255, 0.000783, 0.000785
1.329382, 0.000790, 0.000792
1.340518, 0.000797, 0.000799
1.351664, 0.000804, 0.000806
1.362820, 0.000811, 0.000813
1.373986, 0.000818, 0.000820
1.385162, 0.000825, 0.000827
1.396347, 0.000832, 0.000834
1.407542, 0.000839, 0.000841
1.418747, 0.000846, 0.000848
1.429962, 0.000853, 0.000855
1.441186, 0.000860, 0.000862
1.452421, 0.000867, 0.000869
1.463665, 0.000874, 0.000876
1.474920, 0.000881, 0.000883
1.486184, 0.000888, 0.000890
1.497458, 0.000895, 0.000898
1.508742, 0.000902, 0.000905
1.520036, 0.000909, 0.000912
1.531339, 0.000917, 0.000919
1.542653, 0.000924, 0.000926
1.553977, 0.000931, 0.000933
1.565311, 0.000938, 0.000941
1.576655, 0.000945, 0.000948
1.588008, 0.000952, 0.000955
1.599372, 0.000960, 0.000962
1.610746, 0.000967, 0.000969
1.622130, 0.000974, 0.000977
1.633524, 0.000981, 0.000984
1.644928, 0.000989, 0.000991
1.656342, 0.000996, 0.000999
1.667767, 0.001003, 0.001006
1.679201, 0.001011, 0.001013
1.690646, 0.001018, 0.001021
1.702100, 0.001025, 0.001028
1.713565, 0.001033, 0.001036
1.725040, 0.001040, 0.001043
1.736525, 0.001048, 0.001050
1.748021, 0.001055, 0.001058
1.759526, 0.001063, 0.001065
1.771042, 0.001070, 0.001073
1.782568, 0.001077, 0.001080
1.794105, 0.001085, 0.001088
1.805651, 0.001093, 0.001096
1.817208, 0.001100, 0.001103
1.828776, 0.001108, 0.001111
1.840353, 0.001115, 0.001118
1.851941, 0.001123, 0.001126
1.863539, 0.001130, 0.001134
1.875148, 0.001138, 0.001141
1.886767, 0.001146, 0.001149
1.898396, 0.001153, 0.001157
1.910036, 0.001161, 0.001164
1.921686, 0.001169, 0.001172
1.933346, 0.001176, 0.001180
1.945017, 0.001184, 0.001188
1.956699, 0.001192, 0.001195
1.968391, 0.001200, 0.001203
1.980093, 0.001208, 0.001211
1.991806, 0.001215, 0.001219
2.003529, 0.001223, 0.001227
2.015263, 0.001231, 0.001235
2.027008, 0.001239, 0.001243
2.038763, 0.001247, 0.001250
2.050528, 0.001255, 0.001258
2.062305, 0.001263, 0.001266
2.074091, 0.001271, 0.001274
2.085889, 0.001279, 0.001282
2.097697, 0.001287, 0.001290
2.109515, 0.001295, 0.001298
2.121344, 0.001303, 0.001307
2.133184, 0.001311, 0.001315
2.145035, 0.001319, 0.001323
2.156896, 0.001327, 0.001331
2.168768, 0.001335, 0.001339
2.180651, 0.001343, 0.001347
2.192545, 0.001351, 0.001356
2.204449, 0.001360, 0.001364
2.216364, 0.001368, 0.001372
2.228289, 0.001376, 0.001380
2.240226, 0.001384, 0.001389
2.252173, 0.001393, 0.001397
2.264132, 0.001401, 0.001405
2.276101, 0.001409, 0.001414
2.288081, 0.001418, 0.001422
2.300071, 0.001426, 0.001431
2.312073, 0.001434, 0.001439
2.324086, 0.001443, 0.001447
2.336109, 0.001451, 0.001456
2.348143, 0.001460, 0.001464
2.360189, 0.001468, 0.001473
2.372245, 0.001477, 0.001482
2.384312, 0.001485, 0.001490
2.396391, 0.001494, 0.001499
2.408480, 0.001503, 0.001507
2.420580, 0.001511, 0.001516
2.432691, 0.001520, 0.001525
2.444814, 0.001529, 0.001534
2.456947, 0.001537, 0.001542
2.469092, 0.001546, 0.001551
2.481247, 0.001555, 0.001560
2.493414, 0.001564, 0.001569
2.505592, 0.001572, 0.001578
2.517781, 0.001581, 0.001587
2.529981, 0.001590, 0.001595
2.542192, 0.001599, 0.001604
2.554415, 0.001608, 0.001613
2.566649, 0.001617, 0.001622
2.578894, 0.001626, 0.001631
2.591150, 0.001635, 0.001640
2.603417, 0.001644, 0.001650
2.615696, 0.001653, 0.001659
2.627986, 0.001662, 0.001668
2.640287, 0.001671, 0.001677
2.652600, 0.001681, 0.001686
2.664923, 0.001690, 0.001695
2.677259, 0.001699, 0.001705
2.689605, 0.001708, 0.001714
2.701963, 0.001717, 0.001723
2.714332, 0.001727, 0.001733
2.726713, 0.001736, 0.001742
2.739105, 0.001746, 0.001752
2.751509, 0.001755, 0.001761
2.763924, 0.001764, 0.001771
2.776351, 0.001774, 0.001780
2.788789, 0.001783, 0.001790
2.801238, 0.001793, 0.001799
2.813699, 0.001802, 0.001809
2.826172, 0.001812, 0.001819
2.838656, 0.001822, 0.001828
2.851151, 0.001831, 0.001838
2.863659, 0.001841, 0.001848
2.876177, 0.001851, 0.001858
2.888708, 0.001861, 0.001867
2.901250, 0.001870, 0.001877
2.913804, 0.001880, 0.001887
2.926369, 0.001890, 0.001897
2.938946, 0.001900, 0.001907
2.951535, 0.001910, 0.001917
2.964135, 0.001920, 0.001927
2.976747, 0.001930, 0.001937
2.989371, 0.001940, 0.001947
3.002007, 0.001950, 0.001957
3.014654, 0.001960, 0.001968
3.027314, 0.001971, 0.001978
3.039985, 0.001981, 0.001988
3.052668, 0.001991, 0.001999
3.065362, 0.002001, 0.002009
3.078069, 0.002012, 0.002019
3.090787, 0.002022, 0.002030
3.103518, 0.002032, 0.002040
3.116260, 0.002043, 0.002051
3.129014, 0.002053, 0.002061
3.141780, 0.002064, 0.002072
3.154558, 0.002074, 0.002082
3.167348, 0.002085, 0.002093
3.180150, 0.002096, 0.002104
3.192965, 0.002106, 0.002115
3.205791, 0.002117, 0.002125
3.218629, 0.002128, 0.002136
3.231479, 0.002139, 0.002147
3.244341, 0.002150, 0.002158
3.257215, 0.002161, 0.002169
3.270102, 0.002172, 0.002180
3.283001, 0.002183, 0.002191
3.295911, 0.002194, 0.002202
3.308834, 0.002205, 0.002214
3.321769, 0.002216, 0.002225
3.334716, 0.002227, 0.002236
3.347676, 0.002238, 0.002247
3.360648, 0.002250, 0.002259
3.373632, 0.002261, 0.002270
3.386628, 0.002272, 0.002282
3.399636, 0.002284, 0.002293
3.412657, 0.002295, 0.002305
3.425690, 0.002307, 0.002316
3.438736, 0.002318, 0.002328
3.451793, 0.002330, 0.002340
3.464864, 0.002342, 0.002351
3.477946, 0.002353, 0.002363
3.491041, 0.002365, 0.002375
3.504149, 0.002377, 0.002387
3.517268, 0.002389, 0.002399
3.530401, 0.002401, 0.002411
3.543545, 0.002413, 0.002423
3.556703, 0.002425, 0.002435
3.569872, 0.002437, 0.002447
3.583055, 0.002449, 0.002460
3.596250, 0.002461, 0.002472
3.609457, 0.002474, 0.002484
3.622677, 0.002486, 0.002497
3.635910, 0.002498, 0.002509
3.649155, 0.002511, 0.002522
3.662413, 0.002523, 0.002534
3.675683, 0.002536, 0.002547
3.688966, 0.002548, 0.002559
3.702262, 0.002561, 0.002572
3.715571, 0.002574, 0.002585
3.728892, 0.002587, 0.002598
3.742226, 0.002599, 0.002611
3.755573, 0.002612, 0.002624
3.768933, 0.002625, 0.002637
3.782305, 0.002638, 0.002650
3.795690, 0.002652, 0.002663
3.809088, 0.002665, 0.002677
3.822499, 0.002678, 0.002690
3.835923, 0.002691, 0.002703
3.849360, 0.002705, 0.002717
3.862809, 0.002718, 0.002730
3.876272, 0.002732, 0.002744
3.889747, 0.002745, 0.002758
3.903236, 0.002759, 0.002771
3.916737, 0.002773, 0.002785
3.930252, 0.002786, 0.002799
3.943779, 0.002800, 0.002813
3.957320, 0.002814, 0.002827
3.970873, 0.002828, 0.002841
3.984440, 0.002842, 0.002855
3.998020, 0.002856, 0.002870
4.011613, 0.002871, 0.002884
4.025219, 0.002885, 0.002898
4.038838, 0.002899, 0.002913
4.052470, 0.002914, 0.002927
4.066116, 0.002928, 0.002942
4.079774, 0.002943, 0.002957
4.093446, 0.002958, 0.002972
4.107132, 0.002972, 0.002986
4.120830, 0.002987, 0.003001
4.134542, 0.003002, 0.003017
4.148267, 0.003017, 0.003032
4.162005, 0.003032, 0.003047
4.175757, 0.003048, 0.003062
4.189522, 0.003063, 0.003078
4.203301, 0.003078, 0.003093
4.217093, 0.003094, 0.003109
4.230898, 0.003109, 0.003124
4.244717, 0.003125, 0.003140
4.258550, 0.003141, 0.003156
4.272395, 0.003156, 0.003172
4.286255, 0.003172, 0.003188
4.300127, 0.003188, 0.003204
4.314014, 0.003204, 0.003220
4.327914, 0.003221, 0.003237
4.341827, 0.003237, 0.003253
4.355754, 0.003253, 0.003269
4.369695, 0.003270, 0.003286
4.383650, 0.003286, 0.003303
4.397618, 0.003303, 0.003320
4.411599, 0.003320, 0.003337
4.425595, 0.003337, 0.003354
4.439604, 0.003354, 0.003371
4.453627, 0.003371, 0.003388
4.467664, 0.003388, 0.003405
4.481714, 0.003406, 0.003423
4.495779, 0.003423, 0.003440
4.509857, 0.003441, 0.003458
4.523949, 0.003458, 0.003476
4.538054, 0.003476, 0.003494
4.552174, 0.003494, 0.003512
4.566308, 0.003512, 0.003530
4.580455, 0.003530, 0.003548
4.594617, 0.003548, 0.003567
4.608792, 0.003567, 0.003585
4.622982, 0.003585, 0.003604
4.637185, 0.003604, 0.003622
4.651403, 0.003623, 0.003641
4.665635, 0.003642, 0.003660
4.679880, 0.003661, 0.003679
4.694140, 0.003680, 0.003699
4.708414, 0.003699, 0.003718
4.722702, 0.003718, 0.003738
4.737004, 0.003738, 0.003757
4.751320, 0.003758, 0.003777
4.765651, 0.003777, 0.003797
4.779996, 0.003797, 0.003817
4.794355, 0.003818, 0.003838
4.808728, 0.003838, 0.003858
4.823116, 0.003858, 0.003878
4.837517, 0.003879, 0.003899
4.851934, 0.003899, 0.003920
4.866364, 0.003920, 0.003941
4.880809, 0.003941, 0.003962
4.895268, 0.003962, 0.003983
4.909742, 0.003984, 0.004005
4.924230, 0.004005, 0.004027
4.938733, 0.004027, 0.004048
4.953250, 0.004049, 0.004070
4.967782, 0.004071, 0.004092
4.982328, 0.004093, 0.004115
4.996889, 0.004115, 0.004137
5.011464, 0.004138, 0.004160
5.026054, 0.004161, 0.004183
5.040658, 0.004183, 0.004206
5.055277, 0.004206, 0.004229
5.069911, 0.004230, 0.004252
5.084559, 0.004253, 0.004276
5.099222, 0.004277, 0.004300
5.113900, 0.004301, 0.004324
5.128593, 0.004325, 0.004348
5.143300, 0.004349, 0.004372
5.158022, 0.004373, 0.004397
5.172759, 0.004398, 0.004422
5.187511, 0.004423, 0.004447
5.202277, 0.004448, 0.004472
5.217059, 0.004473, 0.004497
5.231855, 0.004499, 0.004523
5.246667, 0.004524, 0.004549
5.261493, 0.004550, 0.004575
5.276334, 0.004577, 0.004601
5.291190, 0.004603, 0.004628
5.306062, 0.004630, 0.004655
5.320948, 0.004657, 0.004682
5.335849, 0.004684, 0.004709
5.350766, 0.004711, 0.004737
5.365697, 0.004739, 0.004765
5.380644, 0.004767, 0.004793
5.395605, 0.004795, 0.004821
5.410582, 0.004824, 0.004850
5.425575, 0.004852, 0.004879
5.440582, 0.004881, 0.004908
5.455604, 0.004911, 0.004937
5.470642, 0.004940, 0.004967
5.485696, 0.004970, 0.004997
5.500764, 0.005000, 0.005028
5.515848, 0.005031, 0.005058
5.530947, 0.005062, 0.005089
5.546062, 0.005093, 0.005121
5.561191, 0.005124, 0.005152
5.576337, 0.005156, 0.005184
5.591498, 0.005188, 0.005216
5.606674, 0.005221, 0.005249
5.621866, 0.005254, 0.005282
5.637073, 0.005287, 0.005315
5.652296, 0.005320, 0.005349
5.667534, 0.005354, 0.005383
5.682789, 0.005389, 0.005418
5.698058, 0.005423, 0.005453
5.713343, 0.005458, 0.005488
5.728644, 0.005494, 0.005524
5.743961, 0.005530, 0.005560
5.759294, 0.005566, 0.005596
5.774642, 0.005603, 0.005633
5.790006, 0.005640, 0.005671
5.805385, 0.005678, 0.005708
5.820781, 0.005716, 0.005747
5.836192, 0.005755, 0.005786
5.851619, 0.005794, 0.005825
5.867062, 0.005833, 0.005865
5.882521, 0.005874, 0.005905
5.897996, 0.005914, 0.005946
5.913487, 0.005955, 0.005987
5.928994, 0.005997, 0.006029
5.944517, 0.006039, 0.006071
5.960056, 0.006082, 0.006114
5.975611, 0.006126, 0.006158
5.991182, 0.006170, 0.006202
6.006769, 0.006214, 0.006247
6.022372, 0.006260, 0.006293
6.037992, 0.006306, 0.006339
6.053627, 0.006352, 0.006386
6.069279, 0.006400, 0.006433
6.084947, 0.006448, 0.006481
6.100632, 0.006497, 0.006530
6.116332, 0.006546, 0.006580
6.132049, 0.006596, 0.006631
6.147782, 0.006648, 0.006682
6.163532, 0.006700, 0.006734
6.179298, 0.006752, 0.006787
6.195081, 0.006806, 0.006841
6.210879, 0.006861, 0.006896
6.226695, 0.006916, 0.006951
6.242527, 0.006973, 0.007008
6.258375, 0.007030, 0.007066
6.274240, 0.007089, 0.007125
6.290121, 0.007148, 0.007184
6.306019, 0.007209, 0.007245
6.321934, 0.007271, 0.007307
6.337865, 0.007334, 0.007371
6.353813, 0.007398, 0.007435
6.369778, 0.007464, 0.007501
6.385759, 0.007531, 0.007568
6.401758, 0.007599, 0.007637
6.417773, 0.007669, 0.007707
6.433804, 0.007741, 0.007778
6.449853, 0.007813, 0.007852
6.465918, 0.007888, 0.007926
6.482001, 0.007964, 0.008003
6.498100, 0.008042, 0.008081
6.514216, 0.008122, 0.008161
6.530349, 0.008204, 0.008244
6.546499, 0.008288, 0.008328
6.562666, 0.008374, 0.008414
6.578850, 0.008463, 0.008503
6.595052, 0.008553, 0.008594
6.611270, 0.008647, 0.008688
6.627505, 0.008742, 0.008784
6.643758, 0.008841, 0.008883
6.660028, 0.008943, 0.008985
6.676315, 0.009048, 0.009090
6.692619, 0.009156, 0.009199
6.708940, 0.009268, 0.009311
6.725279, 0.009383, 0.009427
6.741635, 0.009502, 0.009547
6.758009, 0.009626, 0.009671
6.774399, 0.009754, 0.009800
6.790808, 0.009887, 0.009934
6.807233, 0.010025, 0.010072
6.823676, 0.010169, 0.010217
6.840137, 0.010319, 0.010368
6.856615, 0.010476, 0.010525
6.873111, 0.010639, 0.010689
6.889624, 0.010810, 0.010861
6.906154, 0.010989, 0.011041
6.922703, 0.011177, 0.011230
6.939269, 0.011374, 0.011429
6.955853, 0.011582, 0.011639
6.972454, 0.011802, 0.011860
6.989073, 0.012034, 0.012093
7.005710, 0.012279, 0.012340
7.022365, 0.012539, 0.012602
7.039037, 0.012815, 0.012880
7.055728, 0.013108, 0.013176
7.072436, 0.013420, 0.013490
7.089162, 0.013752, 0.013824
7.105906, 0.014104, 0.014180
7.122668, 0.014480, 0.014558
7.139448, 0.014879, 0.014961
7.156246, 0.015303, 0.015388
7.173062, 0.015752, 0.015842
7.189897, 0.016229, 0.016323
7.206749, 0.016734, 0.016832
7.223619, 0.017268, 0.017370
7.240508, 0.017832, 0.017938
7.257415, 0.018426, 0.018537
7.274340, 0.019050, 0.019167
7.291283, 0.019704, 0.019827
7.308245, 0.020387, 0.020517
7.325225, 0.021097, 0.021234
7.342223, 0.021831, 0.021977
7.359239, 0.022587, 0.022743
7.376274, 0.023363, 0.023529
7.393328, 0.024155, 0.024333
7.410400, 0.024960, 0.025152
7.427490, 0.025774, 0.025980
7.444599, 0.026591, 0.026813
7.461727, 0.027405, 0.027644
7.478873, 0.028210, 0.028465
7.496037, 0.028999, 0.029270
7.513221, 0.029766, 0.030052
7.530423, 0.030506, 0.030807
7.547643, 0.031218, 0.031531
7.564883, 0.031901, 0.032225
7.582141, 0.032556, 0.032889
7.599418, 0.033183, 0.033524
7.616714, 0.033786, 0.034133
7.634029, 0.034364, 0.034717
7.651362, 0.034919, 0.035276
7.668715, 0.035449, 0.035810
7.686086, 0.035955, 0.036317
7.703477, 0.036434, 0.036798
7.720886, 0.036886, 0.037250
7.738314, 0.037309, 0.037672
7.755762, 0.037704, 0.038064
7.773229, 0.038072, 0.038425
7.790715, 0.038414, 0.038760
7.808220, 0.038737, 0.039072
7.825744, 0.039048, 0.039369
7.843287, 0.039358, 0.039662
7.860850, 0.039678, 0.039962
7.878432, 0.040021, 0.040283
7.896033, 0.040397, 0.040634
7.913654, 0.040816, 0.041027
7.931294, 0.041282, 0.041467
7.948953, 0.041798, 0.041958
7.966632, 0.042363, 0.042499
7.984331, 0.042973, 0.043087
8.002049, 0.043621, 0.043717
8.019786, 0.044301, 0.044382
8.037543, 0.045007, 0.045076
8.055320, 0.045732, 0.045792
8.073117, 0.046473, 0.046524
8.090933, 0.047225, 0.047269
8.108768, 0.047988, 0.048024
8.126624, 0.048760, 0.048786
8.144499, 0.049540, 0.049554
8.162394, 0.050329, 0.050328
8.180309, 0.051127, 0.051108
8.198244, 0.051938, 0.051896
8.216199, 0.052762, 0.052695
8.234174, 0.053604, 0.053508
8.252168, 0.054462, 0.054335
8.270183, 0.055336, 0.055176
8.288218, 0.056222, 0.056026
8.306273, 0.057111, 0.056879
8.324348, 0.057994, 0.057724
8.342443, 0.058860, 0.058550
8.360558, 0.059697, 0.059347
8.378694, 0.060496, 0.060103
8.396849, 0.061248, 0.060811
8.415025, 0.061952, 0.061469
8.433222, 0.062610, 0.062076
8.451438, 0.063227, 0.062639
8.469676, 0.063813, 0.063164
8.487933, 0.064379, 0.063664
8.506211, 0.064933, 0.064145
8.524509, 0.065484, 0.064618
8.542828, 0.066036, 0.065087
8.561168, 0.066593, 0.065555
8.579528, 0.067155, 0.066025
8.597909, 0.067724, 0.066498
8.616310, 0.068302, 0.066976
8.634732, 0.068892, 0.067459
8.653175, 0.069496, 0.067952
8.671639, 0.070117, 0.068454
8.690123, 0.070757, 0.068968
8.708629, 0.071417, 0.069493
8.727155, 0.072094, 0.070029
8.745702, 0.072788, 0.070572
8.764270, 0.073496, 0.071122
8.782859, 0.074217, 0.071677
8.801469, 0.074947, 0.072235
8.820100, 0.075685, 0.072795
8.838752, 0.076428, 0.073356
8.857425, 0.077174, 0.073916
8.876119, 0.077922, 0.074476
8.894835, 0.078669, 0.075034
8.913572, 0.079413, 0.075590
8.932330, 0.080153, 0.076145
8.951109, 0.080888, 0.076699
8.969910, 0.081616, 0.077254
8.988732, 0.082341, 0.077813
9.007575, 0.083066, 0.078383
9.026440, 0.083799, 0.078971
9.045327, 0.084550, 0.079588
9.064235, 0.085333, 0.080249
9.083164, 0.086162, 0.080966
9.102115, 0.087048, 0.081751
9.121088, 0.087998, 0.082612
9.140082, 0.089014, 0.083551
9.159098, 0.090092, 0.084566
9.178136, 0.091225, 0.085648
9.197196, 0.092400, 0.086785
9.216277, 0.093607, 0.087966
9.235380, 0.094834, 0.089177
9.254506, 0.096074, 0.090408
9.273653, 0.097323, 0.091653
9.292822, 0.098583, 0.092908
9.312013, 0.099857, 0.094173
9.331226, 0.101153, 0.095454
9.350461, 0.102485, 0.096759
9.369719, 0.103866, 0.098102
9.388998, 0.105314, 0.099497
9.408300, 0.106845, 0.100961
9.427624, 0.108474, 0.102507
9.446970, 0.110216, 0.104151
9.466338, 0.112079, 0.105902
9.485729, 0.114066, 0.107765
9.505142, 0.116176, 0.109738
9.524578, 0.118401, 0.111817
9.544036, 0.120730, 0.113992
9.563517, 0.123150, 0.116251
9.583020, 0.125646, 0.118580
9.602546, 0.128206, 0.120969
9.622094, 0.130820, 0.123408
9.641665, 0.133481, 0.125890
9.661259, 0.136183, 0.128410
9.680875, 0.138922, 0.130967
9.700515, 0.141692, 0.133559
9.720177, 0.144489, 0.136186
9.739862, 0.147304, 0.138845
9.759570, 0.150129, 0.141535
9.779300, 0.152955, 0.144254
9.799054, 0.155772, 0.146997
9.818831, 0.158568, 0.149761
9.838631, 0.161337, 0.152541
9.858454, 0.164073, 0.155333
9.878300, 0.166776, 0.158133
9.898169, 0.169447, 0.160940
9.918061, 0.172094, 0.163754
9.937977, 0.174725, 0.166577
9.957916, 0.177348, 0.169413
9.977879, 0.179971, 0.172261
9.997865, 0.182595, 0.175119
10.017874, 0.185216, 0.177983
10.037906, 0.187828, 0.180841
10.057963, 0.190423, 0.183686
10.078042, 0.192996, 0.186509
10.098146, 0.195547, 0.189308
10.118273, 0.198083, 0.192086
10.138423, 0.200614, 0.194853
10.158598, 0.203155, 0.197622
10.178796, 0.205722, 0.200412
10.199018, 0.208332, 0.203245
10.219264, 0.211000, 0.206139
10.239533, 0.213734, 0.209112
10.259827, 0.216537, 0.212175
10.280144, 0.219399, 0.215332
10.300486, 0.222303, 0.218576
10.320852, 0.225222, 0.221891
10.341241, 0.228124, 0.225257
10.361655, 0.230973, 0.228643
10.382093, 0.233732, 0.232019
10.402555, 0.236367, 0.235351
10.423042, 0.238843, 0.238601
10.443553, 0.241129, 0.241731
10.464088, 0.243197, 0.244702
10.484648, 0.245027, 0.247475
10.505232, 0.246608, 0.250022
10.525840, 0.247943, 0.252324
10.546473, 0.249051, 0.254376
10.567131, 0.249963, 0.256191
10.587813, 0.250724, 0.257796
10.608520, 0.251380, 0.259229
10.629252, 0.251982, 0.260532
10.650008, 0.252574, 0.261749
10.670789, 0.253193, 0.262917
10.691595, 0.253867, 0.264067
10.712426, 0.254614, 0.265222
10.733282, 0.255444, 0.266393
10.754163, 0.256359, 0.267587
10.775069, 0.257362, 0.268803
10.796000, 0.258457, 0.270042
10.816956, 0.259652, 0.271311
10.837937, 0.260964, 0.272618
10.858943, 0.262409, 0.273978
10.879975, 0.264008, 0.275408
10.901032, 0.265779, 0.276923
10.922114, 0.267739, 0.278536
10.943222, 0.269907, 0.280260
10.964355, 0.272300, 0.282105
10.985513, 0.274938, 0.284087
11.006697, 0.277845, 0.286223
11.027907, 0.281040, 0.288531
11.049142, 0.284539, 0.291031
11.070403, 0.288350, 0.293738
11.091689, 0.292471, 0.296662
11.113002, 0.296893, 0.299802
11.134340, 0.301598, 0.303152
11.155704, 0.306567, 0.306698
11.177094, 0.311777, 0.310419
11.198510, 0.317202, 0.314293
11.219951, 0.322818, 0.318293
11.241419, 0.328597, 0.322394
11.262913, 0.334515, 0.326571
11.284433, 0.340550, 0.330804
11.305979, 0.346689, 0.335079
11.327552, 0.352928, 0.339392
11.349150, 0.359278, 0.343750
11.370775, 0.365766, 0.348175
11.392427, 0.372430, 0.352698
11.414105, 0.379320, 0.357364
11.435809, 0.386489, 0.362221
11.457540, 0.393991, 0.367320
11.479297, 0.401872, 0.372706
11.501081, 0.410169, 0.378416
11.522892, 0.418911, 0.384479
11.544729, 0.428120, 0.390918
11.566593, 0.437809, 0.397752
11.588484, 0.447988, 0.404994
11.610402, 0.458647, 0.412653
11.632346, 0.469752, 0.420719
11.654318, 0.481229, 0.429165
11.676317, 0.492970, 0.437938
11.698342, 0.504831, 0.446961
11.720395, 0.516652, 0.456143
11.742475, 0.528268, 0.465388
11.764582, 0.539525, 0.474600
11.786717, 0.550282, 0.483687
11.808878, 0.560416, 0.492561
11.831067, 0.569827, 0.501133
11.853284, 0.578449, 0.509324
11.875528, 0.586261, 0.517071
11.897799, 0.593297, 0.524341
11.920098, 0.599640, 0.531139
11.942425, 0.605415, 0.537507
11.964779, 0.610765, 0.543514
11.987161, 0.615829, 0.549242
12.009571, 0.620726, 0.554771
12.032008, 0.625548, 0.560163
12.054474, 0.630355, 0.565458
12.076967, 0.635185, 0.570670
12.099488, 0.640057, 0.575796
12.122038, 0.644988, 0.580825
12.144615, 0.649998, 0.585746
12.167221, 0.655114, 0.590561
12.189854, 0.660375, 0.595289
12.212516, 0.665829, 0.599973
12.235207, 0.671529, 0.604682
12.257925, 0.677530, 0.609506
12.280672, 0.683889, 0.614556
12.303448, 0.690659, 0.619962
12.326252, 0.697899, 0.625864
12.349084, 0.705670, 0.632406
12.371945, 0.714038, 0.639736
12.394835, 0.723073, 0.647990
12.417754, 0.732842, 0.657293
12.440701, 0.743409, 0.667751
12.463677, 0.754820, 0.679458
12.486682, 0.767097, 0.692498
12.509716, 0.780236, 0.706949
12.532779, 0.794192, 0.722884
12.555871, 0.808877, 0.740360
12.578992, 0.824151, 0.759401
12.602142, 0.839814, 0.779978
12.625321, 0.855605, 0.801996
12.648530, 0.871209, 0.825286
12.671768, 0.886270, 0.849612
12.695035, 0.900407, 0.874690
12.718332, 0.913238, 0.900196
12.741658, 0.924386, 0.925772
12.765014, 0.933489, 0.951022
12.788399, 0.940199, 0.975501
12.811814, 0.944188, 0.998704
12.835259, 0.945151, 1.020073
12.858734, 0.942824, 1.038998
12.882238, 0.937005, 1.054855
12.905772, 0.927583, 1.067036
12.929336, 0.914571, 1.075013
12.952931, 0.898138, 1.078394
12.976555, 0.878627, 1.076996
13.000209, 0.856536, 1.070880
13.023894, 0.832469, 1.060355
13.047608, 0.807056, 1.045925
13.071353, 0.780883, 1.028197
13.095129, 0.754440, 1.007796
13.118935, 0.728108, 0.985293
13.142771, 0.702174, 0.961171
13.166637, 0.676848, 0.935834
13.190535, 0.652295, 0.909625
13.214463, 0.628649, 0.882858
13.238421, 0.606029, 0.855827
13.262411, 0.584536, 0.828816
13.286431, 0.564248, 0.802087
13.310482, 0.545212, 0.775865
13.334564, 0.527438, 0.750334
13.358677, 0.510901, 0.725626
13.382821, 0.495551, 0.701823
13.406996, 0.481325, 0.678965
13.431202, 0.468157, 0.657061
13.455440, 0.455980, 0.636099
13.479709, 0.444725, 0.616057
13.504009, 0.434319, 0.596917
13.528340, 0.424676, 0.578676
13.552703, 0.415705, 0.561343
13.577098, 0.407309, 0.544935
13.601524, 0.399400, 0.529476
13.625982, 0.391903, 0.514985
13.650471, 0.384764, 0.501469
13.674993, 0.377942, 0.488913
13.699546, 0.371405, 0.477276
13.724131, 0.365127, 0.466491
13.748748, 0.359084, 0.456474
13.773397, 0.353257, 0.447134
13.798078, 0.347629, 0.438370
13.822792, 0.342181, 0.430078
13.847537, 0.336893, 0.422148
13.872315, 0.331737, 0.414473
13.897125, 0.326681, 0.406955
13.921968, 0.321696, 0.399513
13.946843, 0.316759, 0.392098
13.971750, 0.311865, 0.384699
13.996690, 0.307031, 0.377343
14.021663, 0.302282, 0.370082
14.046669, 0.297651, 0.362983
14.071707, 0.293161, 0.356111
14.096778, 0.288826, 0.349522
14.121882, 0.284643, 0.343245
14.147020, 0.280597, 0.337287
14.172190, 0.276663, 0.331634
14.197393, 0.272823, 0.326266
14.222629, 0.269075, 0.321173
14.247899, 0.265444, 0.316369
14.273202, 0.261981, 0.311892
14.298538, 0.258752, 0.307799
14.323908, 0.255826, 0.304150
14.349311, 0.253257, 0.300995
14.374748, 0.251075, 0.298367
14.400219, 0.249287, 0.296273
14.425723, 0.247868, 0.294693
14.451261, 0.246768, 0.293578
14.476833, 0.245920, 0.292858
14.502439, 0.245244, 0.292453
14.528079, 0.244667, 0.292284
14.553752, 0.244127, 0.292283
14.579460, 0.243582, 0.292395
14.605202, 0.243009, 0.292578
14.630979, 0.242405, 0.292805
14.656789, 0.241788, 0.293062
14.682634, 0.241196, 0.293358
14.708514, 0.240678, 0.293720
14.734428, 0.240283, 0.294185
14.760376, 0.240042, 0.294785
14.786360, 0.239952, 0.295529
14.812378, 0.239983, 0.296398
14.838431, 0.240083, 0.297346
14.864518, 0.240204, 0.298321
14.890641, 0.240318, 0.299284
14.916799, 0.240424, 0.300217
14.942991, 0.240542, 0.301130
14.969219, 0.240699, 0.302040
14.995482, 0.240914, 0.302964
15.021781, 0.241182, 0.303901
15.048114, 0.241477, 0.304822
15.074484, 0.241752, 0.305674
15.100888, 0.241953, 0.306391
15.127329, 0.242029, 0.306903
15.153804, 0.241949, 0.307161
15.180316, 0.241704, 0.307142
15.206864, 0.241311, 0.306851
15.233447, 0.240792, 0.306307
15.260066, 0.240166, 0.305530
15.286721, 0.239439, 0.304530
15.313413, 0.238609, 0.303311
15.340140, 0.237674, 0.301882
15.366904, 0.236652, 0.300274
15.393704, 0.235593, 0.298550
15.420541, 0.234573, 0.296810
15.447414, 0.233680, 0.295168
15.474323, 0.232990, 0.293729
15.501269, 0.232550, 0.292569
15.528252, 0.232368, 0.291716
15.555271, 0.232423, 0.291155
15.582328, 0.232678, 0.290850
15.609421, 0.233111, 0.290769
15.636551, 0.233729, 0.290914
15.663718, 0.234569, 0.291329
15.690923, 0.235682, 0.292081
15.718164, 0.237099, 0.293225
15.745443, 0.238812, 0.294774
15.772760, 0.240766, 0.296674
15.800113, 0.242868, 0.298822
15.827504, 0.245026, 0.301096
15.854933, 0.247168, 0.303396
15.882400, 0.249257, 0.305662
15.909904, 0.251283, 0.307874
15.937446, 0.253247, 0.310036
15.965026, 0.255149, 0.312159
15.992644, 0.256974, 0.314246
16.020300, 0.258691, 0.316281
16.047994, 0.260256, 0.318228
16.075727, 0.261633, 0.320046
16.103497, 0.262811, 0.321708
16.131306, 0.263814, 0.323215
16.159154, 0.264693, 0.324597
16.187040, 0.265514, 0.325909
16.214964, 0.266345, 0.327214
16.242928, 0.267237, 0.328572
16.270930, 0.268215, 0.330020
16.298971, 0.269278, 0.331572
16.327051, 0.270412, 0.333223
16.355170, 0.271596, 0.334961
16.383328, 0.272808, 0.336769
16.411525, 0.274014, 0.338615
16.439762, 0.275162, 0.340446
16.468038, 0.276188, 0.342182
16.496353, 0.277034, 0.343735
16.524708, 0.277665, 0.345037
16.553102, 0.278089, 0.346057
16.581536, 0.278353, 0.346810
16.610010, 0.278519, 0.347343
16.638524, 0.278646, 0.347707
16.667077, 0.278778, 0.347943
16.695671, 0.278947, 0.348088
16.724305, 0.279175, 0.348178
16.752978, 0.279474, 0.348247
16.781693, 0.279843, 0.348323
16.810447, 0.280261, 0.348417
16.839242, 0.280687, 0.348513
16.868078, 0.281066, 0.348579
16.896954, 0.281340, 0.348571
16.925870, 0.281459, 0.348446
16.954828, 0.281397, 0.348179
16.983826, 0.281161, 0.347769
17.012866, 0.280797, 0.347251
17.041946, 0.280366, 0.346680
17.071068, 0.279919, 0.346104
17.100231, 0.279473, 0.345539
17.129435, 0.279002, 0.344956
17.158680, 0.278448, 0.344294
17.187967, 0.277752, 0.343483
17.217295, 0.276876, 0.342482
17.246666, 0.275828, 0.341301
17.276078, 0.274649, 0.339990
17.305531, 0.273390, 0.338614
17.335027, 0.272070, 0.337203
17.364565, 0.270665, 0.335732
17.394144, 0.269111, 0.334123
17.423766, 0.267327, 0.332276
17.453430, 0.265246, 0.330089
17.483137, 0.262821, 0.327484
17.512886, 0.260043, 0.324423
17.542678, 0.256947, 0.320918
17.572512, 0.253610, 0.317039
17.602389, 0.250149, 0.312905
17.632309, 0.246702, 0.308671
17.662271, 0.243404, 0.304501
17.692277, 0.240372, 0.300536
17.722326, 0.237679, 0.296874
17.752418, 0.235355, 0.293557
17.782553, 0.233378, 0.290574
17.812732, 0.231695, 0.287875
17.842954, 0.230236, 0.285392
17.873220, 0.228948, 0.283065
17.903530, 0.227813, 0.280870
17.933883, 0.226856, 0.278829
17.964280, 0.226129, 0.277001
17.994721, 0.225697, 0.275465
18.025206, 0.225620, 0.274310
18.055735, 0.225939, 0.273609
18.086308, 0.226664, 0.273405
18.116926, 0.227771, 0.273699
18.147588, 0.229208, 0.274453
18.178295, 0.230926, 0.275615
18.209047, 0.232896, 0.277150
18.239843, 0.235117, 0.279046
18.270683, 0.237594, 0.281306
18.301569, 0.240315, 0.283923
18.332500, 0.243220, 0.286851
18.363476, 0.246183, 0.289982
18.394497, 0.249024, 0.293146
18.425564, 0.251554, 0.296147
18.456676, 0.253620, 0.298811
18.487833, 0.255148, 0.301027
18.519036, 0.256139, 0.302757
18.550285, 0.256655, 0.304023
18.581579, 0.256789, 0.304888
18.612920, 0.256635, 0.305433
18.644306, 0.256247, 0.305719
18.675739, 0.255611, 0.305747
18.707217, 0.254652, 0.305446
18.738743, 0.253284, 0.304718
18.770314, 0.251473, 0.303499
18.801932, 0.249284, 0.301819
18.833597, 0.246862, 0.299800
18.865308, 0.244371, 0.297600
18.897067, 0.241937, 0.295350
18.928872, 0.239627, 0.293127
18.960724, 0.237468, 0.290968
18.992623, 0.235477, 0.288903
19.024570, 0.233677, 0.286978
19.056564, 0.232109, 0.285260
19.088605, 0.230814, 0.283822
19.120694, 0.229815, 0.282714
19.152831, 0.229098, 0.281945
19.185015, 0.228602, 0.281481
19.217248, 0.228239, 0.281257
19.249528, 0.227911, 0.281198
19.281857, 0.227520, 0.281225
19.314233, 0.226987, 0.281266
19.346658, 0.226265, 0.281264
19.379132, 0.225339, 0.281188
19.411653, 0.224229, 0.281037
19.444224, 0.222967, 0.280832
19.476843, 0.221575, 0.280589
19.509511, 0.220067, 0.280310
19.542229, 0.218452, 0.279969
19.574995, 0.216738, 0.279521
19.607810, 0.214930, 0.278903
19.640675, 0.213028, 0.278043
19.673589, 0.211045, 0.276891
19.706553, 0.209012, 0.275437
19.739566, 0.206982, 0.273719
19.772629, 0.205009, 0.271801
19.805742, 0.203125, 0.269743
19.838905, 0.201332, 0.267586
19.872118, 0.199617, 0.265358
19.905381, 0.197965, 0.263093
19.938694, 0.196364, 0.260825
19.972058, 0.194809, 0.258580
20.005473, 0.193306, 0.256373
20.038938, 0.191889, 0.254238
20.072454, 0.190628, 0.252253
20.106020, 0.189608, 0.250534
20.139638, 0.188887, 0.249194
20.173307, 0.188461, 0.248283
20.207027, 0.188252, 0.247756
20.240799, 0.188127, 0.247479
20.274622, 0.187935, 0.247267
20.308496, 0.187542, 0.246935
20.342422, 0.186841, 0.246323
20.376400, 0.185767, 0.245303
20.410431, 0.184291, 0.243785
20.444513, 0.182428, 0.241728
20.478647, 0.180238, 0.239150
20.512833, 0.177814, 0.236135
20.547072, 0.175279, 0.232823
20.581364, 0.172756, 0.229384
20.615708, 0.170347, 0.225970
20.650105, 0.168108, 0.222677
20.684555, 0.166049, 0.219522
20.719058, 0.164146, 0.216456
20.753614, 0.162355, 0.213395
20.788224, 0.160638, 0.210261
20.822886, 0.158975, 0.207017
20.857603, 0.157377, 0.203684
20.892373, 0.155884, 0.200328
20.927196, 0.154566, 0.197052
20.962074, 0.153537, 0.193994
20.997006, 0.152950, 0.191327
21.031991, 0.152966, 0.189231
21.067031, 0.153719, 0.187853
21.102126, 0.155277, 0.187271
21.137275, 0.157643, 0.187496
21.172478, 0.160769, 0.188491
21.207737, 0.164575, 0.190196
21.243050, 0.168984, 0.192545
21.278419, 0.173951, 0.195486
21.313842, 0.179483, 0.198998
21.349321, 0.185639, 0.203107
21.384855, 0.192499, 0.207885
21.420445, 0.200130, 0.213434
21.456091, 0.208537, 0.219858
21.491792, 0.217640, 0.227236
21.527549, 0.227255, 0.235596
21.563363, 0.237111, 0.244906
21.599232, 0.246867, 0.255065
21.635158, 0.256142, 0.265890
21.671141, 0.264547, 0.277106
21.707180, 0.271744, 0.288349
21.743275, 0.277531, 0.299207
21.779428, 0.281910, 0.309293
21.815638, 0.285092, 0.318337
21.851904, 0.287423, 0.326248
21.888228, 0.289304, 0.333143
21.924610, 0.291110, 0.339308
21.961049, 0.293143, 0.345130
21.997546, 0.295600, 0.350993
22.034100, 0.298575, 0.357192
22.070713, 0.302065, 0.363873
22.107383, 0.305996, 0.371045
22.144112, 0.310237, 0.378622
22.180900, 0.314634, 0.386469
22.217745, 0.319054, 0.394461
22.254650, 0.323415, 0.402530
22.291613, 0.327682, 0.410666
22.328635, 0.331847, 0.418893
22.365717, 0.335896, 0.427221
22.402857, 0.339775, 0.435592
22.440057, 0.343378, 0.443844
22.477316, 0.346581, 0.451754
22.514635, 0.349319, 0.459171
22.552014, 0.351609, 0.466110
22.589453, 0.353507, 0.472717
22.626952, 0.355060, 0.479130
22.664511, 0.356276, 0.485387
22.702131, 0.357125, 0.491402
22.739810, 0.357537, 0.496982
22.777551, 0.357438, 0.501901
22.815353, 0.356814, 0.506014
22.853215, 0.355740, 0.509370
22.891139, 0.354330, 0.512209
22.929123, 0.352620, 0.514839
22.967170, 0.350488, 0.517444
23.005277, 0.347672, 0.519931
23.043447, 0.343905, 0.521954
23.081678, 0.339086, 0.523107
23.119971, 0.333326, 0.523164
23.158327, 0.326841, 0.522095
23.196745, 0.319811, 0.519900
23.235225, 0.312355, 0.516488
23.273768, 0.304614, 0.511778
23.312373, 0.296850, 0.505923
23.351042, 0.289435, 0.499455
23.389773, 0.282712, 0.493170
23.428568, 0.276834, 0.487792
23.467426, 0.271681, 0.483656
23.506348, 0.266943, 0.480603
23.545333, 0.262303, 0.478196
23.584383, 0.257586, 0.476029
23.623496, 0.252766, 0.473898
23.662673, 0.247882, 0.471753
23.701915, 0.242967, 0.469593
23.741221, 0.238024, 0.467387
23.780592, 0.233032, 0.465045
23.820028, 0.227979, 0.462432
23.859528, 0.222896, 0.459411
23.899094, 0.217861, 0.455887
23.938725, 0.212980, 0.451827
23.978421, 0.208371, 0.447264
24.018183, 0.204164, 0.442283
24.058011, 0.200519, 0.437028
24.097905, 0.197628, 0.431721
24.137865, 0.195679, 0.426665
24.177891, 0.194783, 0.422174
24.217983, 0.194920, 0.418464
24.258142, 0.195943, 0.415573
24.298368, 0.197639, 0.413330
24.338661, 0.199806, 0.411432
24.379021, 0.202318, 0.409618
24.419448, 0.205149, 0.407824
24.459943, 0.208311, 0.406178
24.500505, 0.211755, 0.404851
24.541134, 0.215315, 0.403941
24.581832, 0.218760, 0.403431
24.622598, 0.221896, 0.403224
24.663432, 0.224634, 0.403204
24.704335, 0.226970, 0.403291
24.745306, 0.228906, 0.403398
24.786346, 0.230401, 0.403356
24.827455, 0.231418, 0.402956
24.868633, 0.232001, 0.402078
24.909881, 0.232300, 0.400794
24.951198, 0.232487, 0.399327
24.992584, 0.232640, 0.397941
25.034041, 0.232669, 0.396803
25.075567, 0.232338, 0.395918
25.117164, 0.231357, 0.395132
25.158831, 0.229505, 0.394221
25.200568, 0.226745, 0.393023
25.242377, 0.223266, 0.391521
25.284256, 0.219417, 0.389810
25.326206, 0.215570, 0.387985
25.368228, 0.211998, 0.386071
25.410321, 0.208835, 0.384049
25.452485, 0.206072, 0.381900
25.494722, 0.203631, 0.379623
25.537030, 0.201439, 0.377250
25.579411, 0.199509, 0.374876
25.621864, 0.197957, 0.372656
25.664390, 0.196969, 0.370753
25.706988, 0.196728, 0.369257
25.749659, 0.197355, 0.368153
25.792403, 0.198871, 0.367368
25.835221, 0.201229, 0.366841
25.878112, 0.204363, 0.366540
25.921077, 0.208236, 0.366411
25.964116, 0.212841, 0.366393
26.007229, 0.218174, 0.366460
26.050416, 0.224215, 0.366596
26.093677, 0.230932, 0.366703
26.137013, 0.238280, 0.366557
26.180424, 0.246202, 0.365887
26.223910, 0.254630, 0.364536
26.267471, 0.263498, 0.362563
26.311108, 0.272796, 0.360175
26.354820, 0.282628, 0.357592
26.398608, 0.293177, 0.354929
26.442472, 0.304570, 0.352172
26.486413, 0.316705, 0.349243
26.530429, 0.329152, 0.346135
26.574522, 0.341153, 0.342939
26.618692, 0.351797, 0.339752
26.662940, 0.360313, 0.336644
26.707264, 0.366329, 0.333772
26.751665, 0.369952, 0.331474
26.796145, 0.371711, 0.330211
26.840702, 0.372427, 0.330403
26.885337, 0.372943, 0.332269
26.930050, 0.373839, 0.335749
26.974842, 0.375339, 0.340580
27.019712, 0.377369, 0.346460
27.064662, 0.379647, 0.353190
27.109690, 0.381743, 0.360682
27.154798, 0.383153, 0.368807
27.199985, 0.383429, 0.377220
27.245251, 0.382253, 0.385338
27.290598, 0.379387, 0.392533
27.336025, 0.374550, 0.398383
27.381532, 0.367475, 0.402766
27.427119, 0.358290, 0.405669
27.472788, 0.347975, 0.407022
27.518537, 0.338250, 0.406825
27.564367, 0.330770, 0.405361
27.610279, 0.326444, 0.403166
27.656272, 0.325483, 0.400788
27.702348, 0.327875, 0.398599
27.748505, 0.333726, 0.396752
27.794744, 0.343244, 0.395196
27.841067, 0.356530, 0.393717
27.887471, 0.373453, 0.391985
27.933959, 0.393711, 0.389686
27.980530, 0.416975, 0.386693
28.027184, 0.443004, 0.383165
28.073922, 0.471660, 0.379479
28.120743, 0.502867, 0.376041
28.167649, 0.536540, 0.373112
28.214639, 0.572524, 0.370781
28.261713, 0.610564, 0.369032
28.308872, 0.650365, 0.367832
28.356116, 0.691703, 0.367149
28.403446, 0.734420, 0.366942
28.450860, 0.778236, 0.367158
28.498361, 0.822582, 0.367751
28.545947, 0.866664, 0.368692
28.593619, 0.909698, 0.369965
28.641378, 0.951067, 0.371587
28.689223, 0.990305, 0.373607
28.737155, 1.027204, 0.376025
28.785174, 1.062273, 0.378655
28.833280, 1.097148, 0.381103
28.881474, 1.134184, 0.382963
28.929756, 1.175383, 0.384071
28.978126, 1.221524, 0.384642
29.026584, 1.272136, 0.385160
29.075130, 1.326236, 0.386058
29.123765, 1.383035, 0.387472
29.172489, 1.442036, 0.389226
29.221303, 1.502930, 0.390985
29.270206, 1.565671, 0.392425
29.319198, 1.630252, 0.393452
29.368281, 1.695895, 0.394341
29.417453, 1.760575, 0.395590
29.466717, 1.821453, 0.397551
29.516071, 1.875362, 0.400202
29.565515, 1.918857, 0.403206
29.615051, 1.948503, 0.406218
29.664679, 1.962210, 0.409238
29.714398, 1.961281, 0.412624
29.764209, 1.950935, 0.416665
29.814113, 1.938384, 0.421238
29.864109, 1.930051, 0.425857
29.914197, 1.929347, 0.429917
29.964379, 1.935711, 0.432915
30.014654, 1.945094, 0.434624
30.065022, 1.951804, 0.435201
30.115484, 1.951403, 0.435139
30.166041, 1.943279, 0.435001
30.216691, 1.930577, 0.434964
30.267436, 1.917378, 0.434630
30.318276, 1.906240, 0.433335
30.369211, 1.898039, 0.430621
30.420242, 1.893255, 0.426440
30.471368, 1.892954, 0.420995
30.522589, 1.897969, 0.414502
30.573908, 1.907254, 0.407258
30.625322, 1.917967, 0.399872
30.676833, 1.927628, 0.393192
30.728442, 1.935679, 0.387782
30.780147, 1.942484, 0.383556
30.831950, 1.947642, 0.380029
30.883851, 1.950074, 0.376856
30.935850, 1.949455, 0.374011
30.987947, 1.946860, 0.371541
31.040143, 1.943453, 0.369333
31.092438, 1.939188, 0.367192
31.144832, 1.933471, 0.364972
31.197326, 1.926044, 0.362573
31.249919, 1.916782, 0.359976
31.302613, 1.905695, 0.357271
31.355406, 1.893297, 0.354409
31.408301, 1.879597, 0.351093
31.461296, 1.862817, 0.347171
31.514393, 1.840129, 0.342993
31.567591, 1.809959, 0.339276
31.620891, 1.773661, 0.336656
31.674292, 1.734450, 0.335304
31.727797, 1.695051, 0.334977
31.781404, 1.657037, 0.335348
31.835114, 1.621159, 0.336278
31.888927, 1.587822, 0.337882
31.942844, 1.557608, 0.340342
31.996864, 1.530833, 0.343674
32.050989, 1.506988, 0.347785
32.105219, 1.485391, 0.352609
32.159553, 1.465653, 0.357887
32.213992, 1.447141, 0.363100
32.268536, 1.428630, 0.368010
32.323186, 1.408711, 0.372947
32.377943, 1.386116, 0.378478
32.432805, 1.360110, 0.385225
32.487774, 1.331480, 0.393825
32.542850, 1.302455, 0.404582
32.598033, 1.275022, 0.417249
32.653324, 1.249801, 0.431234
32.708723, 1.226430, 0.445984
32.764230, 1.204294, 0.461331
32.819845, 1.182782, 0.477498
32.875569, 1.161242, 0.494629
32.931403, 1.138837, 0.512419
32.987345, 1.114892, 0.530222
33.043398, 1.089757, 0.547365
33.099560, 1.064752, 0.563380
33.155833, 1.041097, 0.578068
33.212217, 1.019213, 0.591487
33.268712, 0.998878, 0.603902
33.325318, 0.979629, 0.615511
33.382036, 0.960870, 0.626334
33.438866, 0.941892, 0.636627
33.495809, 0.922191, 0.647027
33.552864, 0.902215, 0.658198
33.610032, 0.883440, 0.670636
33.667314, 0.867419, 0.684631
33.724710, 0.855188, 0.700155
33.782219, 0.847278, 0.716621
33.839843, 0.843442, 0.733006
33.897582, 0.842358, 0.748647
33.955435, 0.842219, 0.763574
34.013405, 0.841521, 0.777852
34.071490, 0.839195, 0.790972
34.129691, 0.834671, 0.802017
34.188009, 0.827833, 0.810644
34.246443, 0.818747, 0.817704
34.304995, 0.807592, 0.824524
34.363664, 0.794772, 0.831932
34.422451, 0.780931, 0.840156
34.481357, 0.766579, 0.849300
34.540381, 0.752024, 0.859487
34.599524, 0.738147, 0.870275
34.658786, 0.726469, 0.880528
34.718168, 0.717999, 0.889891
34.777670, 0.712675, 0.899971
34.837293, 0.710077, 0.913103
34.897036, 0.709877, 0.930447
34.956901, 0.711450, 0.951142
35.016887, 0.713841, 0.972493
35.076995, 0.716410, 0.990942
35.137225, 0.719210, 1.004009
35.197578, 0.722517, 1.012272
35.258054, 0.726423, 1.018371
35.318653, 0.731476, 1.024011
35.379376, 0.738736, 1.028850
35.440223, 0.748632, 1.031685
35.501195, 0.760613, 1.031586
35.562291, 0.773882, 1.028624
35.623513, 0.787720, 1.024949
35.684861, 0.800606, 1.023807
35.746334, 0.809923, 1.026561
35.807935, 0.813884, 1.032103
35.869661, 0.813151, 1.038231
35.931516, 0.810120, 1.042520
35.993498, 0.807337, 1.043760
36.055607, 0.806516, 1.042943
36.117846, 0.808064, 1.041923
36.180213, 0.811109, 1.041329
36.242709, 0.814604, 1.040872
36.305335, 0.818134, 1.041478
36.368091, 0.820995, 1.045108
36.430978, 0.821284, 1.051957
36.493995, 0.816647, 1.059714
36.557144, 0.805864, 1.065968
36.620424, 0.789467, 1.069437
36.683836, 0.768969, 1.068911
36.747381, 0.745807, 1.062945
36.811059, 0.720827, 1.051047
36.874870, 0.694280, 1.033780
36.938815, 0.666249, 1.011051
37.002894, 0.637195, 0.981390
37.067107, 0.608406, 0.943782
37.131456, 0.581538, 0.899982
37.195940, 0.557505, 0.854009
37.260560, 0.536425, 0.809587
37.325316, 0.518202, 0.768806
37.390209, 0.502779, 0.732931
37.455239, 0.489762, 0.702830
37.520407, 0.478069, 0.677300
37.585712, 0.466672, 0.653150
37.651157, 0.455456, 0.628303
37.716740, 0.445053, 0.603397
37.782462, 0.436224, 0.580440
37.848324, 0.429442, 0.560850
37.914327, 0.424863, 0.544875
37.980470, 0.422395, 0.532193
38.046754, 0.421575, 0.522368
38.113180, 0.421584, 0.515252
38.179748, 0.421641, 0.511119
38.246459, 0.421604, 0.510267
38.313313, 0.422110, 0.512624
38.380309, 0.424208, 0.517180
38.447450, 0.429321, 0.521878
38.514735, 0.439238, 0.524916
38.582165, 0.454695, 0.526629
38.649741, 0.473738, 0.528666
38.717462, 0.492976, 0.531437
38.785329, 0.510979, 0.534374
38.853343, 0.528185, 0.537645
38.921504, 0.544669, 0.542013
38.989813, 0.559896, 0.547794
39.058270, 0.573028, 0.554590
39.126876, 0.583493, 0.561554
39.195630, 0.592121, 0.568234
39.264535, 0.600740, 0.575418
39.333589, 0.610393, 0.584248
39.402794, 0.620715, 0.594723
39.472150, 0.630599, 0.605783
39.541658, 0.638752, 0.616645
39.611317, 0.644020, 0.627022
39.681129, 0.646161, 0.636554
39.751095, 0.645495, 0.644918
39.821214, 0.642623, 0.651575
39.891486, 0.639475, 0.656123
39.961914, 0.638016, 0.658990
40.032496, 0.638145, 0.660750
40.103235, 0.638579, 0.661943
40.174129, 0.638840, 0.663560
40.245180, 0.639519, 0.666430
40.316388, 0.640956, 0.669941
40.387754, 0.642698, 0.672629
40.459278, 0.644612, 0.673355
40.530960, 0.648630, 0.672452
40.602802, 0.656971, 0.672782
40.674804, 0.667993, 0.677900
40.746966, 0.676431, 0.688869
40.819289, 0.678314, 0.703468
40.891773, 0.673618, 0.718600
40.964420, 0.664274, 0.732245
41.037228, 0.652089, 0.743082
41.110200, 0.638872, 0.750737
41.183335, 0.625927, 0.757141
41.256635, 0.612935, 0.764757
41.330099, 0.598759, 0.773403
41.403728, 0.582941, 0.780754
41.477524, 0.566062, 0.785215
41.551485, 0.549770, 0.787575
41.625614, 0.535713, 0.790816
41.699909, 0.523868, 0.798367
41.774373, 0.512976, 0.811382
41.849006, 0.501788, 0.826984
41.923808, 0.489783, 0.839946
41.998779, 0.477725, 0.846411
42.073921, 0.466561, 0.846881
42.149234, 0.455875, 0.843731
42.224718, 0.445094, 0.837613
42.300375, 0.434601, 0.828952
42.376204, 0.424992, 0.818657
42.452206, 0.416832, 0.806761
42.528383, 0.410540, 0.792540
42.604733, 0.406487, 0.775478
42.681259, 0.404759, 0.756514
42.757961, 0.404619, 0.738204
42.834838, 0.404951, 0.722469
42.911893, 0.405252, 0.709633
42.989125, 0.405684, 0.699536
43.066536, 0.406240, 0.691745
43.144125, 0.406747, 0.686112
43.221893, 0.407328, 0.683038
43.299841, 0.408187, 0.681973
43.377970, 0.409140, 0.681393
43.456281, 0.409814, 0.680659
43.534773, 0.410303, 0.680553
43.613447, 0.410357, 0.681294
43.692305, 0.409197, 0.680712
43.771346, 0.406558, 0.675837
43.850572, 0.402765, 0.666475
43.929983, 0.398344, 0.654617
44.009580, 0.394283, 0.642122
44.089363, 0.391270, 0.630535
44.169333, 0.388698, 0.620352
44.249490, 0.385690, 0.610920
44.329836, 0.382152, 0.601004
44.410371, 0.378727, 0.590189
44.491096, 0.375996, 0.579112
44.572011, 0.373668, 0.568452
44.653117, 0.371290, 0.558461
44.734415, 0.368849, 0.548381
44.815905, 0.366891, 0.537223
44.897588, 0.366274, 0.524802
44.979465, 0.368090, 0.512070
45.061537, 0.373314, 0.500994
45.143803, 0.381166, 0.493069
45.226265, 0.389018, 0.488205
45.308924, 0.394946, 0.485022
45.391780, 0.399771, 0.482760
45.474834, 0.405174, 0.482010
45.558087, 0.410833, 0.483148
45.641539, 0.414524, 0.485427
45.725191, 0.414846, 0.487228
45.809044, 0.412917, 0.487785
45.893098, 0.410489, 0.488008
45.977355, 0.407804, 0.488578
46.061814, 0.404858, 0.488648
46.146477, 0.402618, 0.486858
46.231345, 0.400215, 0.483123
46.316418, 0.393297, 0.477576
46.401697, 0.380457, 0.469538
46.487183, 0.364756, 0.459763
46.572876, 0.349063, 0.450059
46.658777, 0.334760, 0.441365
46.744887, 0.321940, 0.433440
46.831207, 0.310043, 0.425131
46.917737, 0.299021, 0.415964
47.004479, 0.289190, 0.406417
47.091432, 0.281148, 0.397440
47.178599, 0.275099, 0.390281
47.265979, 0.270375, 0.385364
47.353573, 0.265917, 0.382105
47.441382, 0.260600, 0.378642
47.529408, 0.253987, 0.372659
47.617650, 0.246852, 0.363508
47.706110, 0.240282, 0.352371
47.794788, 0.234412, 0.340820
47.883685, 0.228673, 0.329629
47.972803, 0.222941, 0.318512
48.062141, 0.217896, 0.307358
48.151701, 0.214256, 0.297102
48.241483, 0.212448, 0.288880
48.331488, 0.212461, 0.283168
48.421718, 0.213690, 0.279720
48.512172, 0.215472, 0.278052
48.602853, 0.217243, 0.277771
48.693760, 0.218279, 0.278039
48.784894, 0.218372, 0.277853
48.876257, 0.217986, 0.276970
48.967849, 0.217411, 0.275706
49.059671, 0.216594, 0.274504
49.151724, 0.215308, 0.273434
49.244009, 0.213934, 0.272775
49.336526, 0.213486, 0.273409
49.429277, 0.214455, 0.275890
49.522263, 0.216005, 0.278923
49.615484, 0.216871, 0.279952
49.708941, 0.216600, 0.278248
49.802635, 0.215244, 0.274989
49.896568, 0.213185, 0.271298
49.990739, 0.210983, 0.268054
50.085150, 0.208916, 0.265795
50.179802, 0.207111, 0.264493
50.274695, 0.205906, 0.263862
50.369832, 0.205591, 0.263405
50.465211, 0.206186, 0.262922
50.560836, 0.207801, 0.263416
50.656705, 0.209911, 0.265200
50.752821, 0.211798, 0.267102
50.849185, 0.213228, 0.267949
50.945796, 0.214725, 0.267941
51.042657, 0.216767, 0.268461
51.139769, 0.218774, 0.270075
51.237131, 0.219691, 0.271649
51.334745, 0.219323, 0.271928
51.432613, 0.218000, 0.270636
51.530735, 0.216046, 0.268028
51.629112, 0.214419, 0.264982
51.727745, 0.214086, 0.263000
51.826635, 0.214709, 0.262583
51.925783, 0.215715, 0.263051
52.025191, 0.216971, 0.263879
52.124858, 0.217860, 0.264688
52.224787, 0.216916, 0.264409
52.324978, 0.213336, 0.262299
52.425432, 0.207878, 0.258980
52.526151, 0.201811, 0.254881
52.627135, 0.196460, 0.250717
52.728385, 0.192082, 0.247171
52.829903, 0.188260, 0.243843
52.931689, 0.185337, 0.240966
53.033744, 0.184364, 0.239213
53.136071, 0.185766, 0.238627
53.238669, 0.189437, 0.239563
53.341539, 0.194762, 0.242600
53.444684, 0.198943, 0.246590
53.548104, 0.199379, 0.248483
53.651799, 0.197218, 0.247055
53.755772, 0.194771, 0.243913
53.860024, 0.192809, 0.240899
53.964554, 0.191028, 0.238438
54.069365, 0.189008, 0.235541
54.174458, 0.187354, 0.231836
54.279834, 0.187272, 0.229372
54.385493, 0.187963, 0.229404
54.491438, 0.187590, 0.230457
54.597669, 0.186119, 0.230871
54.704187, 0.184755, 0.230923
54.810994, 0.183853, 0.231535
54.918091, 0.182959, 0.232529
55.025479, 0.182138, 0.234002
55.133158, 0.181551, 0.236601
55.241131, 0.181042, 0.240274
55.349399, 0.179976, 0.244170
55.457962, 0.177131, 0.246401
55.566823, 0.172278, 0.245259
55.675981, 0.166438, 0.240933
55.785439, 0.160698, 0.234591
55.895197, 0.155597, 0.227258
56.005257, 0.151286, 0.219872
56.115621, 0.148077, 0.213858
56.226289, 0.145808, 0.210073
56.337262, 0.143557, 0.207732
56.448542, 0.140700, 0.205049
56.560131, 0.137735, 0.201267
56.672029, 0.135381, 0.197469
56.784237, 0.133447, 0.193983
56.896758, 0.132070, 0.190580
57.009592, 0.131791, 0.188242
57.122740, 0.132184, 0.187409
57.236205, 0.132479, 0.187181
57.349987, 0.132639, 0.186714
57.464087, 0.133189, 0.186153
57.578508, 0.134310, 0.185722
57.693250, 0.136428, 0.186039
57.808314, 0.139825, 0.188162
57.923703, 0.143671, 0.191981
58.039416, 0.146986, 0.196371
58.155457, 0.148875, 0.199886
58.271826, 0.149066, 0.201604
58.388524, 0.148266, 0.201768
58.505553, 0.147227, 0.201126
58.622915, 0.146527, 0.200175
58.740611, 0.147130, 0.199895
58.858641, 0.149392, 0.201944
58.977009, 0.151748, 0.205540
59.095714, 0.153554, 0.209057
59.214759, 0.156036, 0.213555
59.334145, 0.159946, 0.221211
59.453873, 0.163680, 0.231364
59.573946, 0.165379, 0.241292
59.694364, 0.164081, 0.248254
59.815128, 0.160282, 0.251129
59.936241, 0.155734, 0.251962
60.057704, 0.151690, 0.253332
60.179519, 0.147958, 0.255828
60.301686, 0.143663, 0.258453
60.424208, 0.139324, 0.259881
60.547086, 0.136254, 0.261450
60.670322, 0.133848, 0.265179
60.793917, 0.130367, 0.269273
60.917873, 0.125632, 0.272219
61.042191, 0.119663, 0.274783
61.166872, 0.111844, 0.275900
61.291920, 0.102858, 0.272809
61.417334, 0.094496, 0.265487
61.543117, 0.087481, 0.255964
61.669271, 0.081486, 0.243790
61.795797, 0.076588, 0.229436
61.922696, 0.072766, 0.214646
62.049971, 0.069384, 0.198578
62.177622, 0.066231, 0.181259
62.305653, 0.063091, 0.163662
62.434063, 0.059811, 0.146514
62.562856, 0.056599, 0.129262
62.692032, 0.053830, 0.112916
62.821594, 0.051571, 0.098806
62.951543, 0.049545, 0.086867
63.081882, 0.047690, 0.077169
63.212610, 0.046085, 0.069802
63.343732, 0.044438, 0.064005
63.475247, 0.042592, 0.059104
63.607159, 0.040260, 0.054149
63.739468, 0.037305, 0.048809
63.872177, 0.033998, 0.043591
64.005287, 0.031056, 0.039151
64.138800, 0.029230, 0.036142
64.272719, 0.028459, 0.034454
64.407044, 0.028099, 0.033369
64.541779, 0.027720, 0.032369
64.676924, 0.027372, 0.031511
64.812481, 0.026946, 0.030700
64.948453, 0.026232, 0.029682
65.084841, 0.025425, 0.028609
65.221647, 0.024704, 0.027637
65.358874, 0.024145, 0.026854
65.496523, 0.023803, 0.026319
65.634595, 0.023495, 0.025810
65.773094, 0.023191, 0.025266
65.912021, 0.023091, 0.024941
66.051377, 0.023241, 0.024969
66.191166, 0.023477, 0.025197
66.331388, 0.023627, 0.025322
66.472047, 0.023613, 0.025191
66.613144, 0.023585, 0.025033
66.754680, 0.023432, 0.024788
66.896659, 0.023090, 0.024320
67.039082, 0.022937, 0.023980
67.181952, 0.023139, 0.024030
67.325270, 0.023399, 0.024213
67.469038, 0.023533, 0.024285
67.613259, 0.023615, 0.024197
67.757935, 0.023774, 0.024165
67.903068, 0.023866, 0.024120
68.048660, 0.023986, 0.024132
68.194713, 0.024060, 0.024228
68.341230, 0.024186, 0.024609
68.488212, 0.024627, 0.025466
68.635663, 0.025211, 0.026554
68.783583, 0.025551, 0.027406
68.931976, 0.025377, 0.027580
69.080844, 0.024846, 0.027121
69.230189, 0.024191, 0.026344
69.380013, 0.023485, 0.025406
69.530318, 0.022741, 0.024319
69.681108, 0.022143, 0.023305
69.832383, 0.021839, 0.022618
69.984148, 0.021647, 0.022293
70.136403, 0.021132, 0.021911
70.289152, 0.020515, 0.021461
70.442396, 0.020174, 0.021329
70.596139, 0.020189, 0.021600
70.750382, 0.020449, 0.022137
70.905128, 0.020425, 0.022398
71.060380, 0.019867, 0.022024
71.216140, 0.019061, 0.021212
71.372410, 0.018260, 0.020282
71.529194, 0.017505, 0.019378
71.686492, 0.016797, 0.018504
71.844309, 0.016402, 0.017981
72.002647, 0.016384, 0.017963
72.161508, 0.016565, 0.018204
72.320895, 0.016882, 0.018547
72.480810, 0.017503, 0.019215
72.641256, 0.018418, 0.020264
72.802236, 0.019147, 0.021161
72.963753, 0.019184, 0.021303
73.125808, 0.018845, 0.021062
73.288406, 0.018294, 0.020587
73.451548, 0.017596, 0.019911
73.615237, 0.017178, 0.019468
73.779476, 0.016931, 0.019186
73.944268, 0.016531, 0.018801
74.109615, 0.016038, 0.018316
74.275521, 0.015530, 0.017714
74.441989, 0.015030, 0.017061
74.609020, 0.014448, 0.016330
74.776618, 0.013956, 0.015727
74.944786, 0.013659, 0.015329
75.113527, 0.013689, 0.015301
75.282844, 0.014074, 0.015705
75.452739, 0.014682, 0.016410
75.623216, 0.015174, 0.017064
75.794277, 0.015479, 0.017541
75.965926, 0.015617, 0.017822
76.138166, 0.015131, 0.017391
76.310999, 0.014333, 0.016546
76.484429, 0.013647, 0.015756
76.658460, 0.013106, 0.015106
76.833093, 0.012618, 0.014552
77.008332, 0.012160, 0.014113
77.184180, 0.011681, 0.013692
77.360642, 0.011106, 0.013121
77.537718, 0.010595, 0.012472
77.715414, 0.010387, 0.012085
77.893732, 0.010613, 0.012212
78.072675, 0.011070, 0.012623
78.252247, 0.011473, 0.012970
78.432451, 0.011706, 0.013112
78.613290, 0.011913, 0.013159
78.794769, 0.012262, 0.013261
78.976889, 0.012752, 0.013378
79.159655, 0.013273, 0.013544
79.343070, 0.013298, 0.013479
79.527137, 0.012948, 0.013292
79.711861, 0.011964, 0.012684
79.897244, 0.010055, 0.011084
80.083289, 0.008197, 0.009152
80.270002, 0.006907, 0.007637
80.457385, 0.005954, 0.006479
80.645441, 0.005237, 0.005578
80.834175, 0.004810, 0.005000
81.023590, 0.004668, 0.004770
81.213689, 0.004615, 0.004682
81.404478, 0.004540, 0.004599
81.595958, 0.004315, 0.004389
81.788134, 0.003935, 0.004034
81.981011, 0.003535, 0.003653
82.174591, 0.003324, 0.003455
82.368878, 0.003195, 0.003331
82.563877, 0.003105, 0.003240
82.759591, 0.003030, 0.003159
82.956025, 0.002967, 0.003089
83.153181, 0.002917, 0.003039
83.351065, 0.002877, 0.002993
83.549680, 0.002938, 0.003051
83.749031, 0.002992, 0.003099
83.949120, 0.002964, 0.003044
84.149954, 0.002928, 0.002991
84.351535, 0.002870, 0.002923
84.553868, 0.002857, 0.002893
84.756957, 0.002883, 0.002900
84.960806, 0.003046, 0.003048
85.165420, 0.003301, 0.003301
85.370803, 0.003519, 0.003541
85.576959, 0.003448, 0.003515
85.783893, 0.003183, 0.003284
85.991609, 0.002855, 0.002970
86.200111, 0.002385, 0.002484
86.409404, 0.001993, 0.002062
86.619493, 0.001894, 0.001939
86.830382, 0.001945, 0.001976
87.042075, 0.002022, 0.002053
87.254578, 0.002069, 0.002118
87.467894, 0.002093, 0.002171
87.682029, 0.002100, 0.002194
87.896987, 0.002169, 0.002256
88.112773, 0.002271, 0.002338
88.329392, 0.002402, 0.002440
88.546849, 0.002686, 0.002701
88.765148, 0.002811, 0.002840
88.984295, 0.002623, 0.002668
89.204294, 0.002463, 0.002502
89.425150, 0.002392, 0.002419
89.646869, 0.002345, 0.002369
89.869455, 0.002255, 0.002279
90.092913, 0.002201, 0.002222
90.317250, 0.002108, 0.002127
90.542469, 0.001977, 0.001994
90.768576, 0.001935, 0.001950
90.995576, 0.002002, 0.002021
91.223475, 0.002082, 0.002112
91.452278, 0.002123, 0.002161
91.681991, 0.002259, 0.002295
91.912618, 0.002347, 0.002382
92.144166, 0.002203, 0.002236
92.376639, 0.002047, 0.002068
92.610043, 0.001996, 0.002009
92.844385, 0.001960, 0.001976
93.079669, 0.001935, 0.001957
93.315902, 0.001972, 0.001998
93.553089, 0.001989, 0.002018
93.791235, 0.002048, 0.002080
94.030347, 0.002075, 0.002116
94.270431, 0.002134, 0.002183
94.511492, 0.002176, 0.002238
94.753537, 0.002111, 0.002189
94.996571, 0.001865, 0.001941
95.240601, 0.001676, 0.001744
95.485633, 0.001617, 0.001686
95.731672, 0.001591, 0.001665
95.978726, 0.001519, 0.001597
96.226800, 0.001333, 0.001411
96.475901, 0.001049, 0.001116
96.726035, 0.000763, 0.000815
96.977209, 0.000579, 0.000618
97.229429, 0.000489, 0.000521
97.482701, 0.000445, 0.000475
