# energy, eels_NLFC_w, eels_LFC_w
0.000000, -0.000000, 0.000000
0.010004, 0.000006, 0.000006
0.020017, 0.000012, 0.000012
0.030037, 0.000018, 0.000018
0.040066, 0.000024, 0.000024
0.050104, 0.000030, 0.000030
0.060149, 0.000036, 0.000036
0.070204, 0.000042, 0.000042
0.080266, 0.000048, 0.000048
0.090337, 0.000054, 0.000055
0.100416, 0.000060, 0.000061
0.110503, 0.000066, 0.000067
0.120599, 0.000072, 0.000073
0.130704, 0.000078, 0.000079
0.140817, 0.000084, 0.000085
0.150938, 0.000090, 0.000091
0.161067, 0.000096, 0.000097
0.171206, 0.000102, 0.000103
0.181352, 0.000108, 0.000110
0.191507, 0.000114, 0.000116
0.201671, 0.000120, 0.000122
0.211843, 0.000126, 0.000128
0.222023, 0.000132, 0.000134
0.232212, 0.000138, 0.000140
0.242410, 0.000145, 0.000147
0.252616, 0.000151, 0.000153
0.262831, 0.000157, 0.000159
0.273054, 0.000163, 0.000165
0.283286, 0.000169, 0.000171
0.293526, 0.000175, 0.000177
0.303775, 0.000181, 0.000184
0.314032, 0.000187, 0.000190
0.324299, 0.000194, 0.000196
0.334573, 0.000200, 0.000202
0.344857, 0.000206, 0.000209
0.355149, 0.000212, 0.000215
0.365449, 0.000218, 0.000221
0.375759, 0.000224, 0.000227
0.386077, 0.000230, 0.000234
0.396404, 0.000237, 0.000240
0.406739, 0.000243, 0.000246
0.417083, 0.000249, 0.000252
0.427436, 0.000255, 0.000259
0.437798, 0.000261, 0.000265
0.448168, 0.000268, 0.000271
0.458547, 0.000274, 0.000278
0.468935, 0.000280, 0.000284
0.479332, 0.000286, 0.000290
0.489737, 0.000293, 0.000297
0.500151, 0.000299, 0.000303
0.510574, 0.000305, 0.000309
0.521006, 0.000311, 0.000316
0.531447, 0.000318, 0.000322
0.541896, 0.000324, 0.000328
0.552355, 0.000330, 0.000335
0.562822, 0.000337, 0.000341
0.573298, 0.000343, 0.000348
0.583783, 0.000349, 0.000354
0.594277, 0.000356, 0.000360
0.604780, 0.000362, 0.000367
0.615292, 0.000368, 0.000373
0.625812, 0.000375, 0.000380
0.636342, 0.000381, 0.000386
0.646881, 0.000387, 0.000393
0.657428, 0.000394, 0.000399
0.667985, 0.000400, 0.000406
0.678550, 0.000407, 0.000412
0.689125, 0.000413, 0.000419
0.699708, 0.000419, 0.000425
0.710301, 0.000426, 0.000432
0.720903, 0.000432, 0.000438
0.731513, 0.000439, 0.000445
0.742133, 0.000445, 0.000451
0.752762, 0.000452, 0.000458
0.763400, 0.000458, 0.000464
0.774047, 0.000464, 0.000471
0.784703, 0.000471, 0.000477
0.795368, 0.000477, 0.000484
0.806042, 0.000484, 0.000491
0.816726, 0.000490, 0.000497
0.827418, 0.000497, 0.000504
0.838120, 0.000504, 0.000510
0.848831, 0.000510, 0.000517
0.859551, 0.000517, 0.000524
0.870280, 0.000523, 0.000530
0.881019, 0.000530, 0.000537
0.891767, 0.000536, 0.000544
0.902524, 0.000543, 0.000550
0.913290, 0.000550, 0.000557
0.924066, 0.000556, 0.000564
0.934850, 0.000563, 0.000571
0.945645, 0.000569, 0.000577
0.956448, 0.000576, 0.000584
0.967261, 0.000583, 0.000591
0.978083, 0.000589, 0.000598
0.988914, 0.000596, 0.000604
0.999755, 0.000603, 0.000611
1.010605, 0.000609, 0.000618
1.021464, 0.000616, 0.000625
1.032333, 0.000623, 0.000631
1.043211, 0.000630, 0.000638
1.054099, 0.000636, 0.000645
1.064996, 0.000643, 0.000652
1.075902, 0.000650, 0.000659
1.086818, 0.000657, 0.000666
1.097744, 0.000663, 0.000673
1.108678, 0.000670, 0.000679
1.119623, 0.000677, 0.000686
1.130576, 0.000684, 0.000693
1.141540, 0.000691, 0.000700
1.152512, 0.000697, 0.000707
1.163495, 0.000704, 0.000714
1.174487, 0.000711, 0.000721
1.185488, 0.000718, 0.000728
1.196499, 0.000725, 0.000735
1.207520, 0.000732, 0.000742
1.218550, 0.000739, 0.000749
1.229590, 0.000746, 0.000756
1.240639, 0.000753, 0.000763
1.251698, 0.000760, 0.000770
1.262767, 0.000766, 0.000777
1.273845, 0.000773, 0.000784
1.284933, 0.000780, 0.000791
1.296031, 0.000787, 0.000799
1.307138, 0.000794, 0.000806
1.318255, 0.000801, 0.000813
1.329382, 0.000809, 0.000820
1.340518, 0.000816, 0.000827
1.351664, 0.000823, 0.000834
1.362820, 0.000830, 0.000842
1.373986, 0.000837, 0.000849
1.385162, 0.000844, 0.000856
1.396347, 0.000851, 0.000863
1.407542, 0.000858, 0.000870
1.418747, 0.000865, 0.000878
1.429962, 0.000873, 0.000885
1.441186, 0.000880, 0.000892
1.452421, 0.000887, 0.000900
1.463665, 0.000894, 0.000907
1.474920, 0.000901, 0.000914
1.486184, 0.000909, 0.000922
1.497458, 0.000916, 0.000929
1.508742, 0.000923, 0.000936
1.520036, 0.000930, 0.000944
1.531339, 0.000938, 0.000951
1.542653, 0.000945, 0.000959
1.553977, 0.000952, 0.000966
1.565311, 0.000960, 0.000973
1.576655, 0.000967, 0.000981
1.588008, 0.000974, 0.000988
1.599372, 0.000982, 0.000996
1.610746, 0.000989, 0.001003
1.622130, 0.000997, 0.001011
1.633524, 0.001004, 0.001019
1.644928, 0.001012, 0.001026
1.656342, 0.001019, 0.001034
1.667767, 0.001026, 0.001041
1.679201, 0.001034, 0.001049
1.690646, 0.001041, 0.001057
1.702100, 0.001049, 0.001064
1.713565, 0.001057, 0.001072
1.725040, 0.001064, 0.001080
1.736525, 0.001072, 0.001087
1.748021, 0.001079, 0.001095
1.759526, 0.001087, 0.001103
1.771042, 0.001095, 0.001111
1.782568, 0.001102, 0.001118
1.794105, 0.001110, 0.001126
1.805651, 0.001118, 0.001134
1.817208, 0.001125, 0.001142
1.828776, 0.001133, 0.001150
1.840353, 0.001141, 0.001158
1.851941, 0.001149, 0.001165
1.863539, 0.001156, 0.001173
1.875148, 0.001164, 0.001181
1.886767, 0.001172, 0.001189
1.898396, 0.001180, 0.001197
1.910036, 0.001188, 0.001205
1.921686, 0.001196, 0.001213
1.933346, 0.001204, 0.001221
1.945017, 0.001211, 0.001229
1.956699, 0.001219, 0.001237
1.968391, 0.001227, 0.001245
1.980093, 0.001235, 0.001254
1.991806, 0.001243, 0.001262
2.003529, 0.001251, 0.001270
2.015263, 0.001259, 0.001278
2.027008, 0.001267, 0.001286
2.038763, 0.001276, 0.001294
2.050528, 0.001284, 0.001303
2.062305, 0.001292, 0.001311
2.074091, 0.001300, 0.001319
2.085889, 0.001308, 0.001328
2.097697, 0.001316, 0.001336
2.109515, 0.001324, 0.001344
2.121344, 0.001333, 0.001353
2.133184, 0.001341, 0.001361
2.145035, 0.001349, 0.001369
2.156896, 0.001358, 0.001378
2.168768, 0.001366, 0.001386
2.180651, 0.001374, 0.001395
2.192545, 0.001383, 0.001403
2.204449, 0.001391, 0.001412
2.216364, 0.001399, 0.001420
2.228289, 0.001408, 0.001429
2.240226, 0.001416, 0.001438
2.252173, 0.001425, 0.001446
2.264132, 0.001433, 0.001455
2.276101, 0.001442, 0.001464
2.288081, 0.001450, 0.001472
2.300071, 0.001459, 0.001481
2.312073, 0.001468, 0.001490
2.324086, 0.001476, 0.001499
2.336109, 0.001485, 0.001507
2.348143, 0.001493, 0.001516
2.360189, 0.001502, 0.001525
2.372245, 0.001511, 0.001534
2.384312, 0.001520, 0.001543
2.396391, 0.001528, 0.001552
2.408480, 0.001537, 0.001561
2.420580, 0.001546, 0.001570
2.432691, 0.001555, 0.001579
2.444814, 0.001564, 0.001588
2.456947, 0.001573, 0.001597
2.469092, 0.001582, 0.001606
2.481247, 0.001591, 0.001615
2.493414, 0.001600, 0.001624
2.505592, 0.001609, 0.001633
2.517781, 0.001618, 0.001643
2.529981, 0.001627, 0.001652
2.542192, 0.001636, 0.001661
2.554415, 0.001645, 0.001671
2.566649, 0.001654, 0.001680
2.578894, 0.001663, 0.001689
2.591150, 0.001673, 0.001699
2.603417, 0.001682, 0.001708
2.615696, 0.001691, 0.001717
2.627986, 0.001701, 0.001727
2.640287, 0.001710, 0.001736
2.652600, 0.001719, 0.001746
2.664923, 0.001729, 0.001756
2.677259, 0.001738, 0.001765
2.689605, 0.001748, 0.001775
2.701963, 0.001757, 0.001785
2.714332, 0.001767, 0.001794
2.726713, 0.001776, 0.001804
2.739105, 0.001786, 0.001814
2.751509, 0.001795, 0.001824
2.763924, 0.001805, 0.001833
2.776351, 0.001815, 0.001843
2.788789, 0.001824, 0.001853
2.801238, 0.001834, 0.001863
2.813699, 0.001844, 0.001873
2.826172, 0.001854, 0.001883
2.838656, 0.001864, 0.001893
2.851151, 0.001874, 0.001903
2.863659, 0.001884, 0.001913
2.876177, 0.001893, 0.001924
2.888708, 0.001903, 0.001934
2.901250, 0.001914, 0.001944
2.913804, 0.001924, 0.001954
2.926369, 0.001934, 0.001965
2.938946, 0.001944, 0.001975
2.951535, 0.001954, 0.001985
2.964135, 0.001964, 0.001996
2.976747, 0.001975, 0.002006
2.989371, 0.001985, 0.002017
3.002007, 0.001995, 0.002027
3.014654, 0.002006, 0.002038
3.027314, 0.002016, 0.002049
3.039985, 0.002026, 0.002059
3.052668, 0.002037, 0.002070
3.065362, 0.002047, 0.002081
3.078069, 0.002058, 0.002091
3.090787, 0.002069, 0.002102
3.103518, 0.002079, 0.002113
3.116260, 0.002090, 0.002124
3.129014, 0.002101, 0.002135
3.141780, 0.002112, 0.002146
3.154558, 0.002122, 0.002157
3.167348, 0.002133, 0.002168
3.180150, 0.002144, 0.002179
3.192965, 0.002155, 0.002190
3.205791, 0.002166, 0.002202
3.218629, 0.002177, 0.002213
3.231479, 0.002188, 0.002224
3.244341, 0.002199, 0.002236
3.257215, 0.002210, 0.002247
3.270102, 0.002222, 0.002258
3.283001, 0.002233, 0.002270
3.295911, 0.002244, 0.002282
3.308834, 0.002256, 0.002293
3.321769, 0.002267, 0.002305
3.334716, 0.002278, 0.002316
3.347676, 0.002290, 0.002328
3.360648, 0.002302, 0.002340
3.373632, 0.002313, 0.002352
3.386628, 0.002325, 0.002364
3.399636, 0.002336, 0.002376
3.412657, 0.002348, 0.002388
3.425690, 0.002360, 0.002400
3.438736, 0.002372, 0.002412
3.451793, 0.002384, 0.002424
3.464864, 0.002396, 0.002436
3.477946, 0.002408, 0.002448
3.491041, 0.002420, 0.002461
3.504149, 0.002432, 0.002473
3.517268, 0.002444, 0.002486
3.530401, 0.002456, 0.002498
3.543545, 0.002469, 0.002511
3.556703, 0.002481, 0.002523
3.569872, 0.002493, 0.002536
3.583055, 0.002506, 0.002549
3.596250, 0.002518, 0.002561
3.609457, 0.002531, 0.002574
3.622677, 0.002543, 0.002587
3.635910, 0.002556, 0.002600
3.649155, 0.002569, 0.002613
3.662413, 0.002582, 0.002626
3.675683, 0.002594, 0.002639
3.688966, 0.002607, 0.002653
3.702262, 0.002620, 0.002666
3.715571, 0.002633, 0.002679
3.728892, 0.002647, 0.002693
3.742226, 0.002660, 0.002706
3.755573, 0.002673, 0.002720
3.768933, 0.002686, 0.002733
3.782305, 0.002700, 0.002747
3.795690, 0.002713, 0.002761
3.809088, 0.002727, 0.002774
3.822499, 0.002740, 0.002788
3.835923, 0.002754, 0.002802
3.849360, 0.002767, 0.002816
3.862809, 0.002781, 0.002830
3.876272, 0.002795, 0.002844
3.889747, 0.002809, 0.002859
3.903236, 0.002823, 0.002873
3.916737, 0.002837, 0.002887
3.930252, 0.002851, 0.002902
3.943779, 0.002865, 0.002916
3.957320, 0.002880, 0.002931
3.970873, 0.002894, 0.002946
3.984440, 0.002908, 0.002960
3.998020, 0.002923, 0.002975
4.011613, 0.002937, 0.002990
4.025219, 0.002952, 0.003005
4.038838, 0.002967, 0.003020
4.052470, 0.002982, 0.003035
4.066116, 0.002997, 0.003051
4.079774, 0.003012, 0.003066
4.093446, 0.003027, 0.003081
4.107132, 0.003042, 0.003097
4.120830, 0.003057, 0.003112
4.134542, 0.003072, 0.003128
4.148267, 0.003088, 0.003144
4.162005, 0.003103, 0.003160
4.175757, 0.003119, 0.003176
4.189522, 0.003134, 0.003192
4.203301, 0.003150, 0.003208
4.217093, 0.003166, 0.003224
4.230898, 0.003182, 0.003240
4.244717, 0.003198, 0.003257
4.258550, 0.003214, 0.003273
4.272395, 0.003230, 0.003290
4.286255, 0.003247, 0.003307
4.300127, 0.003263, 0.003323
4.314014, 0.003280, 0.003340
4.327914, 0.003296, 0.003357
4.341827, 0.003313, 0.003374
4.355754, 0.003330, 0.003392
4.369695, 0.003347, 0.003409
4.383650, 0.003364, 0.003426
4.397618, 0.003381, 0.003444
4.411599, 0.003398, 0.003462
4.425595, 0.003415, 0.003479
4.439604, 0.003433, 0.003497
4.453627, 0.003450, 0.003515
4.467664, 0.003468, 0.003533
4.481714, 0.003486, 0.003552
4.495779, 0.003504, 0.003570
4.509857, 0.003522, 0.003588
4.523949, 0.003540, 0.003607
4.538054, 0.003558, 0.003626
4.552174, 0.003577, 0.003644
4.566308, 0.003595, 0.003663
4.580455, 0.003614, 0.003682
4.594617, 0.003632, 0.003702
4.608792, 0.003651, 0.003721
4.622982, 0.003670, 0.003740
4.637185, 0.003689, 0.003760
4.651403, 0.003709, 0.003780
4.665635, 0.003728, 0.003800
4.679880, 0.003748, 0.003820
4.694140, 0.003767, 0.003840
4.708414, 0.003787, 0.003860
4.722702, 0.003807, 0.003881
4.737004, 0.003827, 0.003901
4.751320, 0.003847, 0.003922
4.765651, 0.003868, 0.003943
4.779996, 0.003888, 0.003964
4.794355, 0.003909, 0.003985
4.808728, 0.003930, 0.004006
4.823116, 0.003951, 0.004028
4.837517, 0.003972, 0.004050
4.851934, 0.003993, 0.004071
4.866364, 0.004015, 0.004093
4.880809, 0.004036, 0.004116
4.895268, 0.004058, 0.004138
4.909742, 0.004080, 0.004160
4.924230, 0.004102, 0.004183
4.938733, 0.004124, 0.004206
4.953250, 0.004147, 0.004229
4.967782, 0.004169, 0.004252
4.982328, 0.004192, 0.004276
4.996889, 0.004215, 0.004299
5.011464, 0.004238, 0.004323
5.026054, 0.004262, 0.004347
5.040658, 0.004285, 0.004371
5.055277, 0.004309, 0.004396
5.069911, 0.004333, 0.004420
5.084559, 0.004357, 0.004445
5.099222, 0.004382, 0.004470
5.113900, 0.004406, 0.004495
5.128593, 0.004431, 0.004520
5.143300, 0.004456, 0.004546
5.158022, 0.004481, 0.004572
5.172759, 0.004506, 0.004598
5.187511, 0.004532, 0.004624
5.202277, 0.004558, 0.004651
5.217059, 0.004584, 0.004678
5.231855, 0.004610, 0.004705
5.246667, 0.004637, 0.004732
5.261493, 0.004664, 0.004760
5.276334, 0.004691, 0.004787
5.291190, 0.004718, 0.004815
5.306062, 0.004746, 0.004844
5.320948, 0.004774, 0.004872
5.335849, 0.004802, 0.004901
5.350766, 0.004830, 0.004930
5.365697, 0.004859, 0.004960
5.380644, 0.004888, 0.004989
5.395605, 0.004917, 0.005019
5.410582, 0.004946, 0.005049
5.425575, 0.004976, 0.005080
5.440582, 0.005006, 0.005111
5.455604, 0.005037, 0.005142
5.470642, 0.005067, 0.005174
5.485696, 0.005098, 0.005206
5.500764, 0.005130, 0.005238
5.515848, 0.005161, 0.005270
5.530947, 0.005193, 0.005303
5.546062, 0.005226, 0.005336
5.561191, 0.005258, 0.005370
5.576337, 0.005291, 0.005404
5.591498, 0.005325, 0.005438
5.606674, 0.005359, 0.005473
5.621866, 0.005393, 0.005508
5.637073, 0.005427, 0.005543
5.652296, 0.005462, 0.005579
5.667534, 0.005498, 0.005616
5.682789, 0.005533, 0.005652
5.698058, 0.005570, 0.005690
5.713343, 0.005606, 0.005727
5.728644, 0.005643, 0.005765
5.743961, 0.005681, 0.005804
5.759294, 0.005719, 0.005843
5.774642, 0.005757, 0.005883
5.790006, 0.005796, 0.005923
5.805385, 0.005836, 0.005963
5.820781, 0.005876, 0.006004
5.836192, 0.005916, 0.006046
5.851619, 0.005957, 0.006088
5.867062, 0.005999, 0.006131
5.882521, 0.006041, 0.006174
5.897996, 0.006084, 0.006218
5.913487, 0.006127, 0.006263
5.928994, 0.006171, 0.006308
5.944517, 0.006215, 0.006354
5.960056, 0.006261, 0.006400
5.975611, 0.006307, 0.006447
5.991182, 0.006353, 0.006495
6.006769, 0.006400, 0.006544
6.022372, 0.006448, 0.006593
6.037992, 0.006497, 0.006643
6.053627, 0.006547, 0.006694
6.069279, 0.006597, 0.006746
6.084947, 0.006648, 0.006799
6.100632, 0.006700, 0.006852
6.116332, 0.006753, 0.006906
6.132049, 0.006806, 0.006962
6.147782, 0.006861, 0.007018
6.163532, 0.006917, 0.007075
6.179298, 0.006973, 0.007133
6.195081, 0.007031, 0.007193
6.210879, 0.007089, 0.007253
6.226695, 0.007149, 0.007315
6.242527, 0.007210, 0.007377
6.258375, 0.007272, 0.007441
6.274240, 0.007335, 0.007507
6.290121, 0.007400, 0.007573
6.306019, 0.007466, 0.007641
6.321934, 0.007533, 0.007711
6.337865, 0.007602, 0.007782
6.353813, 0.007672, 0.007854
6.369778, 0.007744, 0.007928
6.385759, 0.007818, 0.008004
6.401758, 0.007893, 0.008081
6.417773, 0.007970, 0.008161
6.433804, 0.008049, 0.008242
6.449853, 0.008130, 0.008326
6.465918, 0.008212, 0.008411
6.482001, 0.008297, 0.008499
6.498100, 0.008385, 0.008589
6.514216, 0.008474, 0.008682
6.530349, 0.008567, 0.008777
6.546499, 0.008661, 0.008875
6.562666, 0.008759, 0.008976
6.578850, 0.008860, 0.009080
6.595052, 0.008964, 0.009187
6.611270, 0.009071, 0.009298
6.627505, 0.009181, 0.009413
6.643758, 0.009296, 0.009531
6.660028, 0.009414, 0.009654
6.676315, 0.009537, 0.009781
6.692619, 0.009664, 0.009913
6.708940, 0.009797, 0.010050
6.725279, 0.009934, 0.010192
6.741635, 0.010077, 0.010341
6.758009, 0.010226, 0.010495
6.774399, 0.010382, 0.010657
6.790808, 0.010545, 0.010826
6.807233, 0.010715, 0.011003
6.823676, 0.010894, 0.011188
6.840137, 0.011081, 0.011383
6.856615, 0.011279, 0.011588
6.873111, 0.011487, 0.011805
6.889624, 0.011706, 0.012033
6.906154, 0.011939, 0.012275
6.922703, 0.012185, 0.012531
6.939269, 0.012446, 0.012802
6.955853, 0.012723, 0.013091
6.972454, 0.013018, 0.013399
6.989073, 0.013332, 0.013726
7.005710, 0.013667, 0.014075
7.022365, 0.014025, 0.014448
7.039037, 0.014406, 0.014845
7.055728, 0.014812, 0.015269
7.072436, 0.015245, 0.015721
7.089162, 0.015705, 0.016202
7.105906, 0.016195, 0.016712
7.122668, 0.016713, 0.017254
7.139448, 0.017263, 0.017828
7.156246, 0.017843, 0.018434
7.173062, 0.018456, 0.019073
7.189897, 0.019101, 0.019747
7.206749, 0.019778, 0.020455
7.223619, 0.020489, 0.021197
7.240508, 0.021231, 0.021972
7.257415, 0.022003, 0.022779
7.274340, 0.022802, 0.023613
7.291283, 0.023622, 0.024471
7.308245, 0.024457, 0.025344
7.325225, 0.025298, 0.026224
7.342223, 0.026137, 0.027101
7.359239, 0.026966, 0.027968
7.376274, 0.027776, 0.028815
7.393328, 0.028563, 0.029639
7.410400, 0.029324, 0.030435
7.427490, 0.030058, 0.031203
7.444599, 0.030765, 0.031942
7.461727, 0.031446, 0.032654
7.478873, 0.032101, 0.033339
7.496037, 0.032731, 0.033996
7.513221, 0.033335, 0.034627
7.530423, 0.033913, 0.035231
7.547643, 0.034465, 0.035806
7.564883, 0.034991, 0.036354
7.582141, 0.035492, 0.036875
7.599418, 0.035969, 0.037371
7.616714, 0.036424, 0.037842
7.634029, 0.036858, 0.038291
7.651362, 0.037275, 0.038721
7.668715, 0.037675, 0.039133
7.686086, 0.038062, 0.039531
7.703477, 0.038437, 0.039917
7.720886, 0.038802, 0.040293
7.738314, 0.039158, 0.040661
7.755762, 0.039508, 0.041022
7.773229, 0.039851, 0.041379
7.790715, 0.040190, 0.041733
7.808220, 0.040529, 0.042087
7.825744, 0.040871, 0.042446
7.843287, 0.041224, 0.042816
7.860850, 0.041594, 0.043204
7.878432, 0.041990, 0.043617
7.896033, 0.042418, 0.044062
7.913654, 0.042885, 0.044545
7.931294, 0.043395, 0.045070
7.948953, 0.043947, 0.045638
7.966632, 0.044538, 0.046244
7.984331, 0.045161, 0.046881
8.002049, 0.045806, 0.047540
8.019786, 0.046461, 0.048210
8.037543, 0.047118, 0.048881
8.055320, 0.047769, 0.049545
8.073117, 0.048407, 0.050197
8.090933, 0.049031, 0.050834
8.108768, 0.049641, 0.051456
8.126624, 0.050240, 0.052066
8.144499, 0.050831, 0.052665
8.162394, 0.051417, 0.053257
8.180309, 0.052002, 0.053845
8.198244, 0.052588, 0.054431
8.216199, 0.053177, 0.055016
8.234174, 0.053770, 0.055602
8.252168, 0.054365, 0.056186
8.270183, 0.054960, 0.056767
8.288218, 0.055551, 0.057340
8.306273, 0.056136, 0.057904
8.324348, 0.056709, 0.058453
8.342443, 0.057268, 0.058985
8.360558, 0.057809, 0.059498
8.378694, 0.058331, 0.059990
8.396849, 0.058830, 0.060460
8.415025, 0.059305, 0.060907
8.433222, 0.059755, 0.061330
8.451438, 0.060178, 0.061729
8.469676, 0.060575, 0.062103
8.487933, 0.060946, 0.062453
8.506211, 0.061295, 0.062781
8.524509, 0.061626, 0.063089
8.542828, 0.061943, 0.063382
8.561168, 0.062251, 0.063662
8.579528, 0.062556, 0.063932
8.597909, 0.062861, 0.064197
8.616310, 0.063168, 0.064456
8.634732, 0.063479, 0.064710
8.653175, 0.063793, 0.064958
8.671639, 0.064110, 0.065200
8.690123, 0.064431, 0.065436
8.708629, 0.064756, 0.065665
8.727155, 0.065086, 0.065890
8.745702, 0.065424, 0.066113
8.764270, 0.065772, 0.066337
8.782859, 0.066135, 0.066567
8.801469, 0.066514, 0.066807
8.820100, 0.066914, 0.067062
8.838752, 0.067340, 0.067337
8.857425, 0.067796, 0.067639
8.876119, 0.068290, 0.067976
8.894835, 0.068828, 0.068355
8.913572, 0.069417, 0.068785
8.932330, 0.070065, 0.069275
8.951109, 0.070781, 0.069834
8.969910, 0.071569, 0.070470
8.988732, 0.072437, 0.071190
9.007575, 0.073390, 0.072000
9.026440, 0.074429, 0.072903
9.045327, 0.075556, 0.073901
9.064235, 0.076766, 0.074991
9.083164, 0.078055, 0.076167
9.102115, 0.079410, 0.077420
9.121088, 0.080819, 0.078736
9.140082, 0.082265, 0.080099
9.159098, 0.083732, 0.081492
9.178136, 0.085205, 0.082899
9.197196, 0.086672, 0.084309
9.216277, 0.088127, 0.085713
9.235380, 0.089568, 0.087109
9.254506, 0.090999, 0.088500
9.273653, 0.092429, 0.089893
9.292822, 0.093869, 0.091298
9.312013, 0.095333, 0.092728
9.331226, 0.096835, 0.094196
9.350461, 0.098392, 0.095716
9.369719, 0.100015, 0.097298
9.388998, 0.101717, 0.098953
9.408300, 0.103505, 0.100689
9.427624, 0.105383, 0.102507
9.446970, 0.107351, 0.104408
9.466338, 0.109405, 0.106389
9.485729, 0.111540, 0.108443
9.505142, 0.113747, 0.110564
9.524578, 0.116020, 0.112743
9.544036, 0.118349, 0.114975
9.563517, 0.120728, 0.117251
9.583020, 0.123148, 0.119565
9.602546, 0.125603, 0.121911
9.622094, 0.128087, 0.124283
9.641665, 0.130596, 0.126677
9.661259, 0.133129, 0.129092
9.680875, 0.135685, 0.131529
9.700515, 0.138271, 0.133992
9.720177, 0.140891, 0.136488
9.739862, 0.143555, 0.139028
9.759570, 0.146272, 0.141623
9.779300, 0.149051, 0.144284
9.799054, 0.151896, 0.147022
9.818831, 0.154811, 0.149844
9.838631, 0.157790, 0.152750
9.858454, 0.160825, 0.155737
9.878300, 0.163900, 0.158794
9.898169, 0.166995, 0.161908
9.918061, 0.170089, 0.165056
9.937977, 0.173158, 0.168219
9.957916, 0.176184, 0.171376
9.977879, 0.179150, 0.174507
9.997865, 0.182047, 0.177601
10.017874, 0.184871, 0.180647
10.037906, 0.187623, 0.183641
10.057963, 0.190306, 0.186582
10.078042, 0.192930, 0.189474
10.098146, 0.195505, 0.192322
10.118273, 0.198046, 0.195135
10.138423, 0.200569, 0.197924
10.158598, 0.203095, 0.200704
10.178796, 0.205646, 0.203494
10.199018, 0.208244, 0.206315
10.219264, 0.210911, 0.209191
10.239533, 0.213667, 0.212145
10.259827, 0.216523, 0.215198
10.280144, 0.219484, 0.218364
10.300486, 0.222542, 0.221649
10.320852, 0.225676, 0.225047
10.341241, 0.228853, 0.228541
10.361655, 0.232029, 0.232100
10.382093, 0.235154, 0.235685
10.402555, 0.238173, 0.239248
10.423042, 0.241035, 0.242738
10.443553, 0.243691, 0.246102
10.464088, 0.246106, 0.249290
10.484648, 0.248250, 0.252259
10.505232, 0.250113, 0.254973
10.525840, 0.251695, 0.257414
10.546473, 0.253016, 0.259576
10.567131, 0.254109, 0.261474
10.587813, 0.255022, 0.263141
10.608520, 0.255814, 0.264625
10.629252, 0.256550, 0.265989
10.650008, 0.257296, 0.267301
10.670789, 0.258117, 0.268628
10.691595, 0.259064, 0.270034
10.712426, 0.260178, 0.271568
10.733282, 0.261481, 0.273263
10.754163, 0.262980, 0.275137
10.775069, 0.264673, 0.277192
10.796000, 0.266549, 0.279416
10.816956, 0.268594, 0.281794
10.837937, 0.270796, 0.284303
10.858943, 0.273143, 0.286917
10.879975, 0.275623, 0.289610
10.901032, 0.278229, 0.292360
10.922114, 0.280958, 0.295145
10.943222, 0.283812, 0.297955
10.964355, 0.286801, 0.300790
10.985513, 0.289946, 0.303662
11.006697, 0.293273, 0.306592
11.027907, 0.296810, 0.309611
11.049142, 0.300587, 0.312748
11.070403, 0.304620, 0.316029
11.091689, 0.308915, 0.319467
11.113002, 0.313463, 0.323063
11.134340, 0.318235, 0.326800
11.155704, 0.323197, 0.330650
11.177094, 0.328305, 0.334576
11.198510, 0.333517, 0.338543
11.219951, 0.338795, 0.342517
11.241419, 0.344109, 0.346475
11.262913, 0.349436, 0.350402
11.284433, 0.354762, 0.354291
11.305979, 0.360078, 0.358142
11.327552, 0.365382, 0.361954
11.349150, 0.370682, 0.365735
11.370775, 0.375993, 0.369493
11.392427, 0.381343, 0.373245
11.414105, 0.386772, 0.377019
11.435809, 0.392331, 0.380855
11.457540, 0.398086, 0.384807
11.479297, 0.404112, 0.388944
11.501081, 0.410491, 0.393346
11.522892, 0.417306, 0.398097
11.544729, 0.424630, 0.403280
11.566593, 0.432517, 0.408960
11.588484, 0.440993, 0.415184
11.610402, 0.450049, 0.421969
11.632346, 0.459635, 0.429300
11.654318, 0.469665, 0.437135
11.676317, 0.480017, 0.445398
11.698342, 0.490543, 0.453991
11.720395, 0.501077, 0.462795
11.742475, 0.511452, 0.471680
11.764582, 0.521515, 0.480517
11.786717, 0.531138, 0.489185
11.808878, 0.540231, 0.497585
11.831067, 0.548745, 0.505640
11.853284, 0.556674, 0.513311
11.875528, 0.564058, 0.520588
11.897799, 0.570975, 0.527500
11.920098, 0.577527, 0.534104
11.942425, 0.583831, 0.540477
11.964779, 0.590003, 0.546704
11.987161, 0.596152, 0.552872
12.009571, 0.602374, 0.559058
12.032008, 0.608750, 0.565327
12.054474, 0.615339, 0.571725
12.076967, 0.622181, 0.578274
12.099488, 0.629298, 0.584978
12.122038, 0.636698, 0.591827
12.144615, 0.644387, 0.598805
12.167221, 0.652370, 0.605906
12.189854, 0.660658, 0.613141
12.212516, 0.669274, 0.620546
12.235207, 0.678248, 0.628180
12.257925, 0.687619, 0.636128
12.280672, 0.697434, 0.644491
12.303448, 0.707743, 0.653385
12.326252, 0.718598, 0.662930
12.349084, 0.730059, 0.673248
12.371945, 0.742184, 0.684457
12.394835, 0.755031, 0.696664
12.417754, 0.768659, 0.709963
12.440701, 0.783120, 0.724433
12.463677, 0.798454, 0.740138
12.486682, 0.814684, 0.757128
12.509716, 0.831808, 0.775447
12.532779, 0.849786, 0.795132
12.555871, 0.868535, 0.816207
12.578992, 0.887898, 0.838662
12.602142, 0.907635, 0.862430
12.625321, 0.927415, 0.887365
12.648530, 0.946837, 0.913239
12.671768, 0.965470, 0.939751
12.695035, 0.982899, 0.966570
12.718332, 0.998764, 0.993363
12.741658, 1.012759, 1.019822
12.765014, 1.024594, 1.045647
12.788399, 1.033946, 1.070503
12.811814, 1.040427, 1.093967
12.835259, 1.043587, 1.115490
12.858734, 1.042973, 1.134402
12.882238, 1.038205, 1.149963
12.905772, 1.029050, 1.161443
12.929336, 1.015481, 1.168210
12.952931, 0.997681, 1.169811
12.976555, 0.976040, 1.166022
13.000209, 0.951120, 1.156892
13.023894, 0.923601, 1.142741
13.047608, 0.894210, 1.124115
13.071353, 0.863651, 1.101705
13.095129, 0.832550, 1.076251
13.118935, 0.801433, 1.048471
13.142771, 0.770731, 1.019024
13.166637, 0.740788, 0.988506
13.190535, 0.711872, 0.957438
13.214463, 0.684167, 0.926262
13.238421, 0.657778, 0.895328
13.262411, 0.632734, 0.864885
13.286431, 0.609002, 0.835087
13.310482, 0.586508, 0.805998
13.334564, 0.565168, 0.777629
13.358677, 0.544909, 0.749969
13.382821, 0.525699, 0.723031
13.406996, 0.507547, 0.696884
13.431202, 0.490505, 0.671660
13.455440, 0.474650, 0.647548
13.479709, 0.460063, 0.624759
13.504009, 0.446808, 0.603496
13.528340, 0.434910, 0.583911
13.552703, 0.424340, 0.566078
13.577098, 0.415004, 0.549972
13.601524, 0.406751, 0.535480
13.625982, 0.399387, 0.522413
13.650471, 0.392704, 0.510540
13.674993, 0.386495, 0.499612
13.699546, 0.380577, 0.489386
13.724131, 0.374794, 0.479628
13.748748, 0.369024, 0.470133
13.773397, 0.363182, 0.460731
13.798078, 0.357228, 0.451313
13.822792, 0.351158, 0.441833
13.847537, 0.345003, 0.432306
13.872315, 0.338804, 0.422782
13.897125, 0.332606, 0.413329
13.921968, 0.326452, 0.404017
13.946843, 0.320389, 0.394918
13.971750, 0.314468, 0.386107
13.996690, 0.308747, 0.377662
14.021663, 0.303282, 0.369656
14.046669, 0.298118, 0.362153
14.071707, 0.293291, 0.355206
14.096778, 0.288823, 0.348852
14.121882, 0.284726, 0.343117
14.147020, 0.281002, 0.338013
14.172190, 0.277641, 0.333539
14.197393, 0.274627, 0.329674
14.222629, 0.271936, 0.326382
14.247899, 0.269538, 0.323609
14.273202, 0.267395, 0.321284
14.298538, 0.265468, 0.319325
14.323908, 0.263716, 0.317650
14.349311, 0.262104, 0.316185
14.374748, 0.260604, 0.314874
14.400219, 0.259203, 0.313681
14.425723, 0.257903, 0.312592
14.451261, 0.256729, 0.311614
14.476833, 0.255724, 0.310782
14.502439, 0.254945, 0.310155
14.528079, 0.254451, 0.309809
14.553752, 0.254276, 0.309811
14.579460, 0.254419, 0.310194
14.605202, 0.254835, 0.310942
14.630979, 0.255450, 0.311997
14.656789, 0.256175, 0.313272
14.682634, 0.256935, 0.314676
14.708514, 0.257676, 0.316132
14.734428, 0.258374, 0.317590
14.760376, 0.259029, 0.319023
14.786360, 0.259657, 0.320425
14.812378, 0.260278, 0.321797
14.838431, 0.260908, 0.323146
14.864518, 0.261553, 0.324478
14.890641, 0.262201, 0.325789
14.916799, 0.262824, 0.327059
14.942991, 0.263377, 0.328250
14.969219, 0.263814, 0.329311
14.995482, 0.264100, 0.330191
15.021781, 0.264223, 0.330862
15.048114, 0.264197, 0.331321
15.074484, 0.264050, 0.331589
15.100888, 0.263807, 0.331688
15.127329, 0.263473, 0.331625
15.153804, 0.263029, 0.331380
15.180316, 0.262440, 0.330913
15.206864, 0.261675, 0.330190
15.233447, 0.260723, 0.329194
15.260066, 0.259599, 0.327943
15.286721, 0.258340, 0.326478
15.313413, 0.256990, 0.324852
15.340140, 0.255592, 0.323112
15.366904, 0.254182, 0.321296
15.393704, 0.252791, 0.319432
15.420541, 0.251454, 0.317555
15.447414, 0.250209, 0.315707
15.474323, 0.249105, 0.313948
15.501269, 0.248202, 0.312358
15.528252, 0.247572, 0.311038
15.555271, 0.247289, 0.310095
15.582328, 0.247417, 0.309621
15.609421, 0.247980, 0.309663
15.636551, 0.248950, 0.310206
15.663718, 0.250244, 0.311165
15.690923, 0.251741, 0.312404
15.718164, 0.253313, 0.313777
15.745443, 0.254854, 0.315158
15.772760, 0.256298, 0.316473
15.800113, 0.257617, 0.317695
15.827504, 0.258813, 0.318829
15.854933, 0.259897, 0.319894
15.882400, 0.260893, 0.320917
15.909904, 0.261827, 0.321921
15.937446, 0.262730, 0.322930
15.965026, 0.263623, 0.323953
15.992644, 0.264512, 0.324984
16.020300, 0.265386, 0.326004
16.047994, 0.266219, 0.326979
16.075727, 0.266978, 0.327874
16.103497, 0.267637, 0.328657
16.131306, 0.268190, 0.329318
16.159154, 0.268662, 0.329874
16.187040, 0.269112, 0.330383
16.214964, 0.269618, 0.330931
16.242928, 0.270262, 0.331622
16.270930, 0.271105, 0.332550
16.298971, 0.272177, 0.333778
16.327051, 0.273469, 0.335323
16.355170, 0.274932, 0.337151
16.383328, 0.276490, 0.339190
16.411525, 0.278060, 0.341340
16.439762, 0.279565, 0.343500
16.468038, 0.280945, 0.345577
16.496353, 0.282164, 0.347500
16.524708, 0.283208, 0.349222
16.553102, 0.284088, 0.350725
16.581536, 0.284843, 0.352023
16.610010, 0.285517, 0.353153
16.638524, 0.286153, 0.354156
16.667077, 0.286767, 0.355063
16.695671, 0.287354, 0.355878
16.724305, 0.287883, 0.356581
16.752978, 0.288311, 0.357130
16.781693, 0.288592, 0.357479
16.810447, 0.288688, 0.357587
16.839242, 0.288572, 0.357428
16.868078, 0.288231, 0.356984
16.896954, 0.287660, 0.356250
16.925870, 0.286872, 0.355236
16.954828, 0.285903, 0.353983
16.983826, 0.284813, 0.352562
17.012866, 0.283669, 0.351060
17.041946, 0.282524, 0.349552
17.071068, 0.281400, 0.348076
17.100231, 0.280288, 0.346627
17.129435, 0.279152, 0.345162
17.158680, 0.277948, 0.343622
17.187967, 0.276636, 0.341952
17.217295, 0.275203, 0.340131
17.246666, 0.273683, 0.338193
17.276078, 0.272153, 0.336234
17.305531, 0.270706, 0.334379
17.335027, 0.269404, 0.332723
17.364565, 0.268246, 0.331286
17.394144, 0.267169, 0.330004
17.423766, 0.266072, 0.328758
17.453430, 0.264850, 0.327413
17.483137, 0.263415, 0.325846
17.512886, 0.261708, 0.323964
17.542678, 0.259700, 0.321707
17.572512, 0.257399, 0.319059
17.602389, 0.254854, 0.316052
17.632309, 0.252147, 0.312768
17.662271, 0.249372, 0.309310
17.692277, 0.246615, 0.305783
17.722326, 0.243943, 0.302271
17.752418, 0.241404, 0.298840
17.782553, 0.239028, 0.295534
17.812732, 0.236828, 0.292376
17.842954, 0.234799, 0.289369
17.873220, 0.232930, 0.286501
17.903530, 0.231222, 0.283771
17.933883, 0.229699, 0.281206
17.964280, 0.228412, 0.278868
17.994721, 0.227421, 0.276834
18.025206, 0.226776, 0.275168
18.055735, 0.226509, 0.273920
18.086308, 0.226653, 0.273132
18.116926, 0.227243, 0.272857
18.147588, 0.228311, 0.273144
18.178295, 0.229861, 0.274020
18.209047, 0.231855, 0.275468
18.239843, 0.234212, 0.277424
18.270683, 0.236815, 0.279783
18.301569, 0.239526, 0.282411
18.332500, 0.242206, 0.285156
18.363476, 0.244737, 0.287883
18.394497, 0.247043, 0.290489
18.425564, 0.249080, 0.292910
18.456676, 0.250818, 0.295105
18.487833, 0.252219, 0.297033
18.519036, 0.253223, 0.298634
18.550285, 0.253767, 0.299836
18.581579, 0.253816, 0.300584
18.612920, 0.253382, 0.300856
18.644306, 0.252523, 0.300670
18.675739, 0.251319, 0.300068
18.707217, 0.249851, 0.299108
18.738743, 0.248191, 0.297854
18.770314, 0.246396, 0.296380
18.801932, 0.244498, 0.294744
18.833597, 0.242499, 0.292971
18.865308, 0.240384, 0.291050
18.897067, 0.238157, 0.288975
18.928872, 0.235876, 0.286782
18.960724, 0.233647, 0.284566
18.992623, 0.231587, 0.282449
19.024570, 0.229775, 0.280529
19.056564, 0.228243, 0.278859
19.088605, 0.226974, 0.277440
19.120694, 0.225921, 0.276242
19.152831, 0.225034, 0.275221
19.185015, 0.224268, 0.274346
19.217248, 0.223590, 0.273594
19.249528, 0.222974, 0.272952
19.281857, 0.222388, 0.272405
19.314233, 0.221798, 0.271934
19.346658, 0.221175, 0.271520
19.379132, 0.220499, 0.271153
19.411653, 0.219762, 0.270827
19.444224, 0.218959, 0.270532
19.476843, 0.218090, 0.270255
19.509511, 0.217157, 0.269984
19.542229, 0.216171, 0.269718
19.574995, 0.215143, 0.269470
19.607810, 0.214089, 0.269261
19.640675, 0.213009, 0.269098
19.673589, 0.211886, 0.268953
19.706553, 0.210675, 0.268750
19.739566, 0.209331, 0.268383
19.772629, 0.207824, 0.267745
19.805742, 0.206162, 0.266752
19.838905, 0.204382, 0.265367
19.872118, 0.202556, 0.263622
19.905381, 0.200771, 0.261623
19.938694, 0.199110, 0.259524
19.972058, 0.197614, 0.257466
20.005473, 0.196279, 0.255534
20.038938, 0.195073, 0.253747
20.072454, 0.193976, 0.252101
20.106020, 0.193003, 0.250605
20.139638, 0.192197, 0.249304
20.173307, 0.191593, 0.248242
20.207027, 0.191185, 0.247430
20.240799, 0.190917, 0.246820
20.274622, 0.190691, 0.246310
20.308496, 0.190385, 0.245762
20.342422, 0.189884, 0.245038
20.376400, 0.189102, 0.244027
20.410431, 0.187997, 0.242669
20.444513, 0.186577, 0.240958
20.478647, 0.184891, 0.238936
20.512833, 0.183011, 0.236673
20.547072, 0.180995, 0.234231
20.581364, 0.178880, 0.231644
20.615708, 0.176684, 0.228920
20.650105, 0.174425, 0.226065
20.684555, 0.172128, 0.223087
20.719058, 0.169809, 0.219985
20.753614, 0.167471, 0.216740
20.788224, 0.165110, 0.213313
20.822886, 0.162737, 0.209677
20.857603, 0.160410, 0.205859
20.892373, 0.158235, 0.201969
20.927196, 0.156345, 0.198184
20.962074, 0.154871, 0.194710
20.997006, 0.153928, 0.191736
21.031991, 0.153626, 0.189414
21.067031, 0.154072, 0.187862
21.102126, 0.155359, 0.187163
21.137275, 0.157541, 0.187361
21.172478, 0.160617, 0.188448
21.207737, 0.164525, 0.190364
21.243050, 0.169161, 0.193021
21.278419, 0.174429, 0.196335
21.313842, 0.180283, 0.200272
21.349321, 0.186747, 0.204850
21.384855, 0.193906, 0.210139
21.420445, 0.201856, 0.216218
21.456091, 0.210645, 0.223155
21.491792, 0.220239, 0.230982
21.527549, 0.230496, 0.239699
21.563363, 0.241166, 0.249263
21.599232, 0.251895, 0.259574
21.635158, 0.262270, 0.270466
21.671141, 0.271879, 0.281704
21.707180, 0.280383, 0.292990
21.743275, 0.287578, 0.303989
21.779428, 0.293452, 0.314396
21.815638, 0.298207, 0.324041
21.851904, 0.302205, 0.332959
21.888228, 0.305855, 0.341383
21.924610, 0.309525, 0.349658
21.961049, 0.313481, 0.358119
21.997546, 0.317861, 0.366994
22.034100, 0.322659, 0.376358
22.070713, 0.327739, 0.386118
22.107383, 0.332909, 0.396069
22.144112, 0.338002, 0.406001
22.180900, 0.342931, 0.415781
22.217745, 0.347690, 0.425391
22.254650, 0.352314, 0.434875
22.291613, 0.356806, 0.444266
22.328635, 0.361087, 0.453507
22.365717, 0.364998, 0.462423
22.402857, 0.368376, 0.470759
22.440057, 0.371145, 0.478314
22.477316, 0.373358, 0.485066
22.514635, 0.375155, 0.491197
22.552014, 0.376700, 0.497012
22.589453, 0.378118, 0.502821
22.626952, 0.379459, 0.508864
22.664511, 0.380684, 0.515278
22.702131, 0.381656, 0.522062
22.739810, 0.382140, 0.529029
22.777551, 0.381854, 0.535835
22.815353, 0.380554, 0.542080
22.853215, 0.378096, 0.547434
22.891139, 0.374426, 0.551658
22.929123, 0.369564, 0.554554
22.967170, 0.363600, 0.555934
23.005277, 0.356695, 0.555669
23.043447, 0.349054, 0.553754
23.081678, 0.340885, 0.550315
23.119971, 0.332379, 0.545559
23.158327, 0.323703, 0.539720
23.196745, 0.315013, 0.533023
23.235225, 0.306461, 0.525703
23.273768, 0.298175, 0.518016
23.312373, 0.290216, 0.510171
23.351042, 0.282594, 0.502274
23.389773, 0.275336, 0.494409
23.428568, 0.268548, 0.486767
23.467426, 0.262381, 0.479684
23.506348, 0.256928, 0.473518
23.545333, 0.252155, 0.468472
23.584383, 0.247902, 0.464512
23.623496, 0.243941, 0.461403
23.662673, 0.240041, 0.458797
23.701915, 0.236022, 0.456323
23.741221, 0.231798, 0.453690
23.780592, 0.227398, 0.450750
23.820028, 0.222934, 0.447512
23.859528, 0.218549, 0.444094
23.899094, 0.214373, 0.440642
23.938725, 0.210497, 0.437237
23.978421, 0.206981, 0.433864
24.018183, 0.203874, 0.430434
24.058011, 0.201239, 0.426840
24.097905, 0.199167, 0.423036
24.137865, 0.197764, 0.419114
24.177891, 0.197098, 0.415310
24.217983, 0.197171, 0.411908
24.258142, 0.197912, 0.409125
24.298368, 0.199209, 0.406992
24.338661, 0.200958, 0.405353
24.379021, 0.203114, 0.403986
24.419448, 0.205701, 0.402797
24.459943, 0.208747, 0.401879
24.500505, 0.212194, 0.401396
24.541134, 0.215846, 0.401386
24.581832, 0.219418, 0.401695
24.622598, 0.222667, 0.402098
24.663432, 0.225483, 0.402446
24.704335, 0.227881, 0.402700
24.745306, 0.229921, 0.402863
24.786346, 0.231651, 0.402942
24.827455, 0.233111, 0.402932
24.868633, 0.234345, 0.402810
24.909881, 0.235422, 0.402548
24.951198, 0.236394, 0.402111
24.992584, 0.237219, 0.401462
25.034041, 0.237719, 0.400620
25.075567, 0.237607, 0.399698
25.117164, 0.236574, 0.398841
25.158831, 0.234425, 0.398084
25.200568, 0.231197, 0.397289
25.242377, 0.227159, 0.396238
25.284256, 0.222710, 0.394789
25.326206, 0.218261, 0.392961
25.368228, 0.214172, 0.390903
25.410321, 0.210691, 0.388760
25.452485, 0.207896, 0.386586
25.494722, 0.205674, 0.384343
25.537030, 0.203803, 0.381977
25.579411, 0.202098, 0.379515
25.621864, 0.200539, 0.377112
25.664390, 0.199281, 0.375010
25.706988, 0.198583, 0.373425
25.749659, 0.198699, 0.372454
25.792403, 0.199778, 0.372077
25.835221, 0.201841, 0.372208
25.878112, 0.204828, 0.372706
25.921077, 0.208678, 0.373351
25.964116, 0.213341, 0.373844
26.007229, 0.218741, 0.373880
26.050416, 0.224778, 0.373232
26.093677, 0.231349, 0.371822
26.137013, 0.238382, 0.369728
26.180424, 0.245812, 0.367132
26.223910, 0.253550, 0.364217
26.267471, 0.261500, 0.361098
26.311108, 0.269647, 0.357815
26.354820, 0.278142, 0.354382
26.398608, 0.287284, 0.350843
26.442472, 0.297357, 0.347264
26.486413, 0.308441, 0.343705
26.530429, 0.320273, 0.340221
26.574522, 0.332182, 0.336864
26.618692, 0.343160, 0.333697
26.662940, 0.352155, 0.330790
26.707264, 0.358454, 0.328271
26.751665, 0.361944, 0.326406
26.796145, 0.363146, 0.325628
26.840702, 0.363042, 0.326400
26.885337, 0.362692, 0.328991
26.930050, 0.362869, 0.333328
26.974842, 0.363963, 0.339086
27.019712, 0.366087, 0.345884
27.064662, 0.369111, 0.353446
27.109690, 0.372567, 0.361606
27.154798, 0.375655, 0.370215
27.199985, 0.377500, 0.379018
27.245251, 0.377487, 0.387587
27.290598, 0.375348, 0.395418
27.336025, 0.370950, 0.402109
27.381532, 0.364194, 0.407453
27.427119, 0.355277, 0.411389
27.472788, 0.345107, 0.413892
27.518537, 0.335280, 0.414951
27.564367, 0.327425, 0.414667
27.610279, 0.322542, 0.413263
27.656272, 0.320956, 0.410944
27.702348, 0.322745, 0.407836
27.748505, 0.328093, 0.404080
27.794744, 0.337276, 0.399937
27.841067, 0.350399, 0.395738
27.887471, 0.367228, 0.391732
27.933959, 0.387303, 0.387965
27.980530, 0.410181, 0.384362
28.027184, 0.435589, 0.380947
28.073922, 0.463406, 0.377904
28.120743, 0.493584, 0.375423
28.167649, 0.526066, 0.373589
28.214639, 0.560735, 0.372377
28.261713, 0.597438, 0.371723
28.308872, 0.635959, 0.371631
28.356116, 0.675979, 0.372185
28.403446, 0.717085, 0.373415
28.450860, 0.758784, 0.375228
28.498361, 0.800462, 0.377471
28.545947, 0.841455, 0.380033
28.593619, 0.881232, 0.382862
28.641378, 0.919496, 0.385872
28.689223, 0.956071, 0.388885
28.737155, 0.990906, 0.391757
28.785174, 1.024587, 0.394463
28.833280, 1.058718, 0.396961
28.881474, 1.095281, 0.399111
28.929756, 1.135621, 0.400831
28.978126, 1.180106, 0.402271
29.026584, 1.228508, 0.403720
29.075130, 1.280483, 0.405379
29.123765, 1.335829, 0.407226
29.172489, 1.394500, 0.409013
29.221303, 1.456685, 0.410348
29.270206, 1.523015, 0.410833
29.319198, 1.593939, 0.410235
29.368281, 1.667778, 0.408683
29.417453, 1.739480, 0.406763
29.466717, 1.802271, 0.405301
29.516071, 1.851127, 0.404966
29.565515, 1.885063, 0.406007
29.615051, 1.906564, 0.408300
29.664679, 1.919289, 0.411559
29.714398, 1.926741, 0.415437
29.764209, 1.932229, 0.419523
29.814113, 1.938437, 0.423436
29.864109, 1.946659, 0.426900
29.914197, 1.956768, 0.429729
29.964379, 1.967631, 0.431899
30.014654, 1.976882, 0.433680
30.065022, 1.981051, 0.435579
30.115484, 1.978107, 0.438062
30.166041, 1.969759, 0.441161
30.216691, 1.960152, 0.444251
30.267436, 1.952851, 0.446242
30.318276, 1.949359, 0.446133
30.369211, 1.949720, 0.443515
30.420242, 1.954055, 0.438650
30.471368, 1.963162, 0.432076
30.522589, 1.977126, 0.424262
30.573908, 1.993683, 0.415753
30.625322, 2.009184, 0.407484
30.676833, 2.021634, 0.400552
30.728442, 2.032047, 0.395568
30.780147, 2.042662, 0.392304
30.831950, 2.054390, 0.389976
30.883851, 2.065610, 0.387826
30.935850, 2.073301, 0.385486
30.987947, 2.075803, 0.382968
31.040143, 2.073868, 0.380381
31.092438, 2.068893, 0.377713
31.144832, 2.061652, 0.374921
31.197326, 2.052713, 0.372059
31.249919, 2.042312, 0.369151
31.302613, 2.029626, 0.366090
31.355406, 2.013438, 0.362645
31.408301, 1.993142, 0.358527
31.461296, 1.968499, 0.353659
31.514393, 1.939271, 0.348454
31.567591, 1.905589, 0.343722
31.620891, 1.868521, 0.340192
31.674292, 1.829992, 0.338077
31.727797, 1.792094, 0.337231
31.781404, 1.756359, 0.337452
31.835114, 1.723021, 0.338509
31.888927, 1.691285, 0.340196
31.942844, 1.660648, 0.342420
31.996864, 1.631212, 0.345218
32.050989, 1.602998, 0.348746
32.105219, 1.575761, 0.353068
32.159553, 1.549066, 0.357931
32.213992, 1.522247, 0.362982
32.268536, 1.494626, 0.368132
32.323186, 1.465806, 0.373571
32.377943, 1.435677, 0.379756
32.432805, 1.404498, 0.387355
32.487774, 1.372962, 0.396830
32.542850, 1.341726, 0.408155
32.598033, 1.311162, 0.421044
32.653324, 1.281617, 0.435148
32.708723, 1.253288, 0.450051
32.764230, 1.226075, 0.465559
32.819845, 1.199892, 0.481910
32.875569, 1.174765, 0.499417
32.931403, 1.150709, 0.517980
32.987345, 1.127882, 0.537025
33.043398, 1.106567, 0.555772
33.099560, 1.086813, 0.573659
33.155833, 1.068379, 0.590478
33.212217, 1.050572, 0.606195
33.268712, 1.032230, 0.620947
33.325318, 1.012752, 0.634816
33.382036, 0.992763, 0.647677
33.438866, 0.973308, 0.659671
33.495809, 0.954781, 0.671391
33.552864, 0.936973, 0.683518
33.610032, 0.920068, 0.696644
33.667314, 0.905271, 0.711138
33.724710, 0.894169, 0.726991
33.782219, 0.887394, 0.743733
33.839843, 0.883821, 0.760536
33.897582, 0.881202, 0.776618
33.955435, 0.877738, 0.791505
34.013405, 0.872767, 0.805059
34.071490, 0.866150, 0.817127
34.129691, 0.857806, 0.827274
34.188009, 0.847840, 0.835397
34.246443, 0.836441, 0.842082
34.304995, 0.823739, 0.848073
34.363664, 0.809999, 0.853883
34.422451, 0.795696, 0.859944
34.481357, 0.781376, 0.867062
34.540381, 0.767450, 0.876092
34.599524, 0.754180, 0.886839
34.658786, 0.741921, 0.898208
34.718168, 0.730986, 0.909829
34.777670, 0.721313, 0.922857
34.837293, 0.712654, 0.939092
34.897036, 0.705327, 0.959532
34.956901, 0.700318, 0.983343
35.016887, 0.698159, 1.007562
35.076995, 0.698298, 1.027790
35.137225, 0.700239, 1.041118
35.197578, 0.704491, 1.049067
35.258054, 0.711844, 1.055848
35.318653, 0.722354, 1.064171
35.379376, 0.735376, 1.073720
35.440223, 0.750107, 1.082294
35.501195, 0.766117, 1.087732
35.562291, 0.783092, 1.089416
35.623513, 0.799725, 1.088799
35.684861, 0.813661, 1.088751
35.746334, 0.822882, 1.091399
35.807935, 0.826734, 1.096378
35.869661, 0.826084, 1.101567
35.931516, 0.823211, 1.104977
35.993498, 0.820907, 1.106174
36.055607, 0.820994, 1.106066
36.117846, 0.823883, 1.105354
36.180213, 0.829152, 1.104368
36.242709, 0.835615, 1.103966
36.305335, 0.841158, 1.105582
36.368091, 0.843016, 1.110232
36.430978, 0.838712, 1.117095
36.493995, 0.827422, 1.123316
36.557144, 0.810173, 1.126533
36.620424, 0.788651, 1.126623
36.683836, 0.764102, 1.123216
36.747381, 0.737198, 1.113897
36.811059, 0.708510, 1.096688
36.874870, 0.678696, 1.071988
36.938815, 0.648450, 1.040704
37.002894, 0.618771, 1.002679
37.067107, 0.590859, 0.958292
37.131456, 0.565458, 0.910170
37.195940, 0.542518, 0.861679
37.260560, 0.521774, 0.815135
37.325316, 0.503457, 0.772178
37.390209, 0.487792, 0.734184
37.455239, 0.474351, 0.701605
37.520407, 0.462324, 0.673178
37.585712, 0.450984, 0.646412
37.651157, 0.439890, 0.619644
37.716740, 0.429122, 0.593379
37.782462, 0.419220, 0.569337
37.848324, 0.410864, 0.548727
37.914327, 0.404813, 0.531997
37.980470, 0.401474, 0.519186
38.046754, 0.400485, 0.509953
38.113180, 0.400805, 0.503970
38.179748, 0.401424, 0.501159
38.246459, 0.402411, 0.501610
38.313313, 0.405112, 0.505477
38.380309, 0.411351, 0.512209
38.447450, 0.422933, 0.520099
38.514735, 0.441146, 0.527555
38.582165, 0.464833, 0.534412
38.649741, 0.489725, 0.540873
38.717462, 0.511792, 0.546433
38.785329, 0.530323, 0.550798
38.853343, 0.546611, 0.554792
38.921504, 0.561341, 0.559568
38.989813, 0.573821, 0.565193
39.058270, 0.583230, 0.570926
39.126876, 0.590219, 0.576646
39.195630, 0.596421, 0.582932
39.264535, 0.603013, 0.590511
39.333589, 0.610428, 0.599977
39.402794, 0.618747, 0.611089
39.472150, 0.627791, 0.622764
39.541658, 0.636341, 0.634296
39.611317, 0.641940, 0.645233
39.681129, 0.643356, 0.654707
39.751095, 0.641716, 0.662231
39.821214, 0.638241, 0.667904
39.891486, 0.633497, 0.671336
39.961914, 0.628861, 0.671790
40.032496, 0.626499, 0.669805
40.103235, 0.627685, 0.667582
40.174129, 0.631687, 0.667707
40.245180, 0.636268, 0.671171
40.316388, 0.639312, 0.676118
40.387754, 0.640915, 0.679410
40.459278, 0.643818, 0.680081
40.530960, 0.650192, 0.679841
40.602802, 0.659749, 0.681233
40.674804, 0.669980, 0.686358
40.746966, 0.677133, 0.695600
40.819289, 0.678541, 0.707698
40.891773, 0.674101, 0.721314
40.964420, 0.665468, 0.735333
41.037228, 0.654600, 0.748157
41.110200, 0.642678, 0.758567
41.183335, 0.629668, 0.767130
41.256635, 0.614819, 0.774988
41.330099, 0.597703, 0.781387
41.403728, 0.579435, 0.784816
41.477524, 0.561565, 0.786035
41.551485, 0.544592, 0.787292
41.625614, 0.529129, 0.790827
41.699909, 0.515859, 0.799119
41.774373, 0.504097, 0.813071
41.849006, 0.492381, 0.829545
41.923808, 0.480181, 0.842952
41.998779, 0.467785, 0.849834
42.073921, 0.455025, 0.850230
42.149234, 0.441707, 0.844214
42.224718, 0.429074, 0.831429
42.300375, 0.419104, 0.814546
42.376204, 0.412432, 0.798316
42.452206, 0.408098, 0.784826
42.528383, 0.405038, 0.772220
42.604733, 0.402681, 0.757833
42.681259, 0.401012, 0.741194
42.757961, 0.400421, 0.724151
42.834838, 0.400978, 0.708886
42.911893, 0.402140, 0.696366
42.989125, 0.403218, 0.686182
43.066536, 0.404140, 0.677936
43.144125, 0.405351, 0.672528
43.221893, 0.406839, 0.670858
43.299841, 0.408266, 0.672178
43.377970, 0.409304, 0.674734
43.456281, 0.409286, 0.677073
43.534773, 0.407926, 0.678618
43.613447, 0.405995, 0.679206
43.692305, 0.403973, 0.677530
43.771346, 0.401434, 0.671453
43.850572, 0.398084, 0.661318
43.929983, 0.394540, 0.649799
44.009580, 0.391502, 0.639064
44.089363, 0.388886, 0.629276
44.169333, 0.386347, 0.619699
44.249490, 0.383512, 0.610145
44.329836, 0.379802, 0.600592
44.410371, 0.375145, 0.590603
44.491096, 0.370398, 0.579702
44.572011, 0.366300, 0.568168
44.653117, 0.362492, 0.556625
44.734415, 0.358618, 0.545240
44.815905, 0.355008, 0.533785
44.897588, 0.352293, 0.521760
44.979465, 0.351529, 0.508987
45.061537, 0.353573, 0.496409
45.143803, 0.358126, 0.485431
45.226265, 0.364181, 0.477236
45.308924, 0.370456, 0.471776
45.391780, 0.376493, 0.468081
45.474834, 0.382737, 0.465662
45.558087, 0.389204, 0.464773
45.641539, 0.394743, 0.465406
45.725191, 0.398257, 0.466888
45.809044, 0.399341, 0.468388
45.893098, 0.398309, 0.469156
45.977355, 0.396310, 0.469296
46.061814, 0.394133, 0.469319
46.146477, 0.391588, 0.468970
46.231345, 0.387116, 0.467094
46.316418, 0.378601, 0.463092
46.401697, 0.365811, 0.457101
46.487183, 0.350530, 0.449006
46.572876, 0.335196, 0.439192
46.658777, 0.322004, 0.429393
46.744887, 0.311249, 0.421047
46.831207, 0.301542, 0.413462
46.917737, 0.292052, 0.405597
47.004479, 0.282694, 0.397047
47.091432, 0.273746, 0.387632
47.178599, 0.266101, 0.378367
47.265979, 0.260221, 0.370700
47.353573, 0.255752, 0.364997
47.441382, 0.251897, 0.360430
47.529408, 0.247682, 0.355476
47.617650, 0.242509, 0.348932
47.706110, 0.236584, 0.340202
47.794788, 0.230593, 0.330114
47.883685, 0.224592, 0.319789
47.972803, 0.218685, 0.309254
48.062141, 0.213441, 0.298608
48.151701, 0.209295, 0.288557
48.241483, 0.206720, 0.280027
48.331488, 0.206092, 0.273886
48.421718, 0.207090, 0.270412
48.512172, 0.208385, 0.268588
48.602853, 0.209004, 0.267183
48.693760, 0.209382, 0.266105
48.784894, 0.209992, 0.265728
48.876257, 0.210412, 0.265702
48.967849, 0.210255, 0.265556
49.059671, 0.209409, 0.265266
49.151724, 0.207847, 0.264535
49.244009, 0.206011, 0.263490
49.336526, 0.204758, 0.263063
49.429277, 0.204844, 0.263821
49.522263, 0.206350, 0.265196
49.615484, 0.208147, 0.265731
49.708941, 0.208807, 0.264592
49.802635, 0.208018, 0.262364
49.896568, 0.206266, 0.259782
49.990739, 0.204261, 0.257561
50.085150, 0.202097, 0.256201
50.179802, 0.199616, 0.255255
50.274695, 0.197461, 0.254078
50.369832, 0.196530, 0.252625
50.465211, 0.196817, 0.251470
50.560836, 0.197709, 0.250949
50.656705, 0.198694, 0.250640
50.752821, 0.199693, 0.249881
50.849185, 0.201076, 0.248534
50.945796, 0.203345, 0.247793
51.042657, 0.206192, 0.248419
51.139769, 0.209515, 0.250353
51.237131, 0.212789, 0.253597
51.334745, 0.214262, 0.256855
51.432613, 0.213189, 0.258106
51.530735, 0.210701, 0.257007
51.629112, 0.208709, 0.255038
51.727745, 0.208128, 0.253878
51.826635, 0.208353, 0.253884
51.925783, 0.208924, 0.254401
52.025191, 0.209961, 0.255128
52.124858, 0.210792, 0.256044
52.224787, 0.209722, 0.256341
52.324978, 0.205330, 0.254744
52.425432, 0.198055, 0.250196
52.526151, 0.190601, 0.243483
52.627135, 0.185256, 0.237200
52.728385, 0.182431, 0.233218
52.829903, 0.180940, 0.231616
52.931689, 0.179655, 0.231186
53.033744, 0.179154, 0.230913
53.136071, 0.180210, 0.230533
53.238669, 0.182870, 0.230669
53.341539, 0.186661, 0.231820
53.444684, 0.190464, 0.233921
53.548104, 0.192574, 0.235903
53.651799, 0.192399, 0.236395
53.755772, 0.191113, 0.235141
53.860024, 0.189788, 0.232979
53.964554, 0.188364, 0.230654
54.069365, 0.186791, 0.228267
54.174458, 0.185735, 0.225778
54.279834, 0.185968, 0.224277
54.385493, 0.186332, 0.224475
54.491438, 0.185139, 0.224872
54.597669, 0.183061, 0.224450
54.704187, 0.181220, 0.223964
54.810994, 0.179834, 0.224321
54.918091, 0.178549, 0.225347
55.025479, 0.177545, 0.227010
55.133158, 0.177025, 0.229856
55.241131, 0.176883, 0.233841
55.349399, 0.176377, 0.238230
55.457962, 0.174185, 0.241265
55.566823, 0.169784, 0.240953
55.675981, 0.164130, 0.237149
55.785439, 0.158373, 0.230678
55.895197, 0.153389, 0.222970
56.005257, 0.149408, 0.215752
56.115621, 0.146487, 0.210240
56.226289, 0.144208, 0.206873
56.337262, 0.141542, 0.204427
56.448542, 0.138251, 0.201221
56.560131, 0.134836, 0.196723
56.672029, 0.132152, 0.192061
56.784237, 0.130436, 0.188414
56.896758, 0.129325, 0.185502
57.009592, 0.128850, 0.183241
57.122740, 0.129002, 0.182308
57.236205, 0.129365, 0.182530
57.349987, 0.129695, 0.182904
57.464087, 0.129959, 0.182473
57.578508, 0.130667, 0.181630
57.693250, 0.132466, 0.181519
57.808314, 0.135685, 0.183150
57.923703, 0.139646, 0.186512
58.039416, 0.143346, 0.190658
58.155457, 0.145897, 0.194674
58.271826, 0.146564, 0.197250
58.388524, 0.145966, 0.197863
58.505553, 0.145264, 0.197568
58.622915, 0.145001, 0.197337
58.740611, 0.145695, 0.197686
58.858641, 0.147887, 0.199668
58.977009, 0.150777, 0.203582
59.095714, 0.153163, 0.208115
59.214759, 0.155772, 0.213616
59.334145, 0.159339, 0.221901
59.453873, 0.162481, 0.232442
59.573946, 0.163498, 0.242368
59.694364, 0.161735, 0.248571
59.815128, 0.158062, 0.250532
59.936241, 0.153989, 0.250864
60.057704, 0.150266, 0.252152
60.179519, 0.146577, 0.254870
60.301686, 0.142106, 0.257409
60.424208, 0.137842, 0.258983
60.547086, 0.134731, 0.261399
60.670322, 0.131940, 0.265148
60.793917, 0.128356, 0.268659
60.917873, 0.123806, 0.271818
61.042191, 0.117830, 0.274725
61.166872, 0.109931, 0.275504
61.291920, 0.100907, 0.271744
61.417334, 0.092542, 0.263773
61.543117, 0.085559, 0.253268
61.669271, 0.079845, 0.241016
61.795797, 0.074979, 0.226598
61.922696, 0.070944, 0.210222
62.049971, 0.067724, 0.193939
62.177622, 0.064988, 0.178754
62.305653, 0.062059, 0.163548
62.434063, 0.058810, 0.148040
62.562856, 0.055622, 0.131965
62.692032, 0.052732, 0.115780
62.821594, 0.050295, 0.101164
62.951543, 0.048131, 0.088691
63.081882, 0.046231, 0.078540
63.212610, 0.044825, 0.070957
63.343732, 0.043687, 0.065289
63.475247, 0.042383, 0.060523
63.607159, 0.040624, 0.055839
63.739468, 0.038008, 0.050600
63.872177, 0.034550, 0.044991
64.005287, 0.031232, 0.040008
64.138800, 0.029126, 0.036652
64.272719, 0.028181, 0.034801
64.407044, 0.027724, 0.033672
64.541779, 0.027335, 0.032668
64.676924, 0.026940, 0.031733
64.812481, 0.026489, 0.030904
64.948453, 0.025746, 0.029883
65.084841, 0.024849, 0.028711
65.221647, 0.024061, 0.027650
65.358874, 0.023456, 0.026808
65.496523, 0.023064, 0.026231
65.634595, 0.022745, 0.025708
65.773094, 0.022465, 0.025165
65.912021, 0.022380, 0.024835
66.051377, 0.022540, 0.024861
66.191166, 0.022757, 0.025063
66.331388, 0.022961, 0.025247
66.472047, 0.023001, 0.025178
66.613144, 0.022933, 0.024983
66.754680, 0.022714, 0.024672
66.896659, 0.022281, 0.024093
67.039082, 0.022055, 0.023663
67.181952, 0.022188, 0.023621
67.325270, 0.022416, 0.023721
67.469038, 0.022648, 0.023851
67.613259, 0.022879, 0.023908
67.757935, 0.023122, 0.023978
67.903068, 0.023228, 0.023988
68.048660, 0.023333, 0.024033
68.194713, 0.023345, 0.024103
68.341230, 0.023350, 0.024388
68.488212, 0.023680, 0.025119
68.635663, 0.024245, 0.026124
68.783583, 0.024633, 0.026948
68.931976, 0.024527, 0.027146
69.080844, 0.024031, 0.026692
69.230189, 0.023402, 0.025900
69.380013, 0.022742, 0.024962
69.530318, 0.022071, 0.023935
69.681108, 0.021386, 0.022857
69.832383, 0.020856, 0.021979
69.984148, 0.020469, 0.021454
70.136403, 0.019950, 0.020970
70.289152, 0.019412, 0.020526
70.442396, 0.019168, 0.020468
70.596139, 0.019211, 0.020762
70.750382, 0.019456, 0.021258
70.905128, 0.019502, 0.021516
71.060380, 0.019151, 0.021273
71.216140, 0.018610, 0.020712
71.372410, 0.017970, 0.019974
71.529194, 0.017257, 0.019140
71.686492, 0.016511, 0.018233
71.844309, 0.016056, 0.017643
72.002647, 0.016007, 0.017594
72.161508, 0.016207, 0.017870
72.320895, 0.016569, 0.018304
72.480810, 0.017180, 0.019012
72.641256, 0.018015, 0.020001
72.802236, 0.018683, 0.020822
72.963753, 0.018699, 0.020915
73.125808, 0.018329, 0.020596
73.288406, 0.017808, 0.020101
73.451548, 0.017169, 0.019454
73.615237, 0.016753, 0.018994
73.779476, 0.016488, 0.018676
73.944268, 0.016110, 0.018293
74.109615, 0.015662, 0.017848
74.275521, 0.015175, 0.017277
74.441989, 0.014665, 0.016610
74.609020, 0.014059, 0.015841
74.776618, 0.013574, 0.015246
74.944786, 0.013283, 0.014855
75.113527, 0.013308, 0.014821
75.282844, 0.013660, 0.015189
75.452739, 0.014236, 0.015847
75.623216, 0.014748, 0.016501
75.794277, 0.015134, 0.017043
75.965926, 0.015313, 0.017339
76.138166, 0.014818, 0.016865
76.310999, 0.014016, 0.016001
76.484429, 0.013334, 0.015221
76.658460, 0.012796, 0.014577
76.833093, 0.012283, 0.013978
77.008332, 0.011826, 0.013501
77.184180, 0.011326, 0.013003
77.360642, 0.010748, 0.012398
77.537718, 0.010293, 0.011837
77.715414, 0.010128, 0.011553
77.893732, 0.010318, 0.011668
78.072675, 0.010727, 0.012027
78.252247, 0.011139, 0.012383
78.432451, 0.011411, 0.012565
78.613290, 0.011632, 0.012622
78.794769, 0.012009, 0.012739
78.976889, 0.012568, 0.012909
79.159655, 0.013154, 0.013125
79.343070, 0.013224, 0.013071
79.527137, 0.012906, 0.012851
79.711861, 0.011929, 0.012159
79.897244, 0.010007, 0.010510
80.083289, 0.008120, 0.008629
80.270002, 0.006820, 0.007207
80.457385, 0.005878, 0.006137
80.645441, 0.005200, 0.005334
80.834175, 0.004801, 0.004825
81.023590, 0.004664, 0.004620
81.213689, 0.004613, 0.004541
81.404478, 0.004542, 0.004471
81.595958, 0.004319, 0.004274
81.788134, 0.003935, 0.003928
81.981011, 0.003525, 0.003550
82.174591, 0.003306, 0.003351
82.368878, 0.003174, 0.003228
82.563877, 0.003082, 0.003139
82.759591, 0.003006, 0.003061
82.956025, 0.002942, 0.002990
83.153181, 0.002892, 0.002936
83.351065, 0.002854, 0.002892
83.549680, 0.002918, 0.002948
83.749031, 0.002980, 0.003002
83.949120, 0.002961, 0.002965
84.149954, 0.002929, 0.002924
84.351535, 0.002872, 0.002863
84.553868, 0.002861, 0.002842
84.756957, 0.002888, 0.002857
84.960806, 0.003053, 0.003007
85.165420, 0.003309, 0.003257
85.370803, 0.003527, 0.003493
85.576959, 0.003455, 0.003464
85.783893, 0.003187, 0.003234
85.991609, 0.002856, 0.002920
86.200111, 0.002383, 0.002437
86.409404, 0.001988, 0.002020
86.619493, 0.001886, 0.001898
86.830382, 0.001933, 0.001933
87.042075, 0.002002, 0.002000
87.254578, 0.002039, 0.002048
87.467894, 0.002054, 0.002082
87.682029, 0.002064, 0.002100
87.896987, 0.002144, 0.002171
88.112773, 0.002256, 0.002269
88.329392, 0.002397, 0.002389
88.546849, 0.002687, 0.002659
88.765148, 0.002814, 0.002796
88.984295, 0.002626, 0.002623
89.204294, 0.002465, 0.002456
89.425150, 0.002393, 0.002369
89.646869, 0.002347, 0.002315
89.869455, 0.002258, 0.002227
90.092913, 0.002206, 0.002176
90.317250, 0.002114, 0.002091
90.542469, 0.001983, 0.001967
90.768576, 0.001940, 0.001927
90.995576, 0.002005, 0.001994
91.223475, 0.002082, 0.002079
91.452278, 0.002122, 0.002123
91.681991, 0.002260, 0.002257
91.912618, 0.002354, 0.002347
92.144166, 0.002211, 0.002204
92.376639, 0.002056, 0.002042
92.610043, 0.002006, 0.001987
92.844385, 0.001969, 0.001954
93.079669, 0.001942, 0.001932
93.315902, 0.001981, 0.001973
93.553089, 0.002000, 0.001993
93.791235, 0.002059, 0.002057
94.030347, 0.002085, 0.002093
94.270431, 0.002143, 0.002160
94.511492, 0.002182, 0.002209
94.753537, 0.002113, 0.002153
94.996571, 0.001869, 0.001911
95.240601, 0.001680, 0.001717
95.485633, 0.001622, 0.001659
95.731672, 0.001597, 0.001636
95.978726, 0.001525, 0.001568
96.226800, 0.001337, 0.001383
96.475901, 0.001052, 0.001095
96.726035, 0.000765, 0.000801
96.977209, 0.000579, 0.000610
97.229429, 0.000488, 0.000517
97.482701, 0.000445, 0.000472
