# energy, eels_NLFC_w, eels_LFC_w
0.000000, -0.000000, 0.000000
0.010004, 0.000006, 0.000006
0.020017, 0.000012, 0.000013
0.030037, 0.000019, 0.000019
0.040066, 0.000025, 0.000026
0.050104, 0.000031, 0.000032
0.060149, 0.000037, 0.000038
0.070204, 0.000044, 0.000045
0.080266, 0.000050, 0.000051
0.090337, 0.000056, 0.000058
0.100416, 0.000062, 0.000064
0.110503, 0.000069, 0.000071
0.120599, 0.000075, 0.000077
0.130704, 0.000081, 0.000084
0.140817, 0.000087, 0.000090
0.150938, 0.000094, 0.000096
0.161067, 0.000100, 0.000103
0.171206, 0.000106, 0.000109
0.181352, 0.000113, 0.000116
0.191507, 0.000119, 0.000122
0.201671, 0.000125, 0.000129
0.211843, 0.000131, 0.000135
0.222023, 0.000138, 0.000142
0.232212, 0.000144, 0.000148
0.242410, 0.000150, 0.000155
0.252616, 0.000157, 0.000161
0.262831, 0.000163, 0.000168
0.273054, 0.000169, 0.000175
0.283286, 0.000176, 0.000181
0.293526, 0.000182, 0.000188
0.303775, 0.000189, 0.000194
0.314032, 0.000195, 0.000201
0.324299, 0.000201, 0.000207
0.334573, 0.000208, 0.000214
0.344857, 0.000214, 0.000221
0.355149, 0.000221, 0.000227
0.365449, 0.000227, 0.000234
0.375759, 0.000233, 0.000240
0.386077, 0.000240, 0.000247
0.396404, 0.000246, 0.000254
0.406739, 0.000253, 0.000260
0.417083, 0.000259, 0.000267
0.427436, 0.000266, 0.000274
0.437798, 0.000272, 0.000280
0.448168, 0.000279, 0.000287
0.458547, 0.000285, 0.000294
0.468935, 0.000292, 0.000300
0.479332, 0.000298, 0.000307
0.489737, 0.000305, 0.000314
0.500151, 0.000311, 0.000320
0.510574, 0.000318, 0.000327
0.521006, 0.000324, 0.000334
0.531447, 0.000331, 0.000341
0.541896, 0.000337, 0.000347
0.552355, 0.000344, 0.000354
0.562822, 0.000350, 0.000361
0.573298, 0.000357, 0.000368
0.583783, 0.000363, 0.000374
0.594277, 0.000370, 0.000381
0.604780, 0.000377, 0.000388
0.615292, 0.000383, 0.000395
0.625812, 0.000390, 0.000402
0.636342, 0.000397, 0.000408
0.646881, 0.000403, 0.000415
0.657428, 0.000410, 0.000422
0.667985, 0.000416, 0.000429
0.678550, 0.000423, 0.000436
0.689125, 0.000430, 0.000443
0.699708, 0.000436, 0.000450
0.710301, 0.000443, 0.000456
0.720903, 0.000450, 0.000463
0.731513, 0.000456, 0.000470
0.742133, 0.000463, 0.000477
0.752762, 0.000470, 0.000484
0.763400, 0.000477, 0.000491
0.774047, 0.000483, 0.000498
0.784703, 0.000490, 0.000505
0.795368, 0.000497, 0.000512
0.806042, 0.000504, 0.000519
0.816726, 0.000510, 0.000526
0.827418, 0.000517, 0.000533
0.838120, 0.000524, 0.000540
0.848831, 0.000531, 0.000547
0.859551, 0.000538, 0.000554
0.870280, 0.000544, 0.000561
0.881019, 0.000551, 0.000568
0.891767, 0.000558, 0.000575
0.902524, 0.000565, 0.000582
0.913290, 0.000572, 0.000589
0.924066, 0.000579, 0.000596
0.934850, 0.000586, 0.000603
0.945645, 0.000593, 0.000611
0.956448, 0.000599, 0.000618
0.967261, 0.000606, 0.000625
0.978083, 0.000613, 0.000632
0.988914, 0.000620, 0.000639
0.999755, 0.000627, 0.000646
1.010605, 0.000634, 0.000653
1.021464, 0.000641, 0.000661
1.032333, 0.000648, 0.000668
1.043211, 0.000655, 0.000675
1.054099, 0.000662, 0.000682
1.064996, 0.000669, 0.000690
1.075902, 0.000676, 0.000697
1.086818, 0.000683, 0.000704
1.097744, 0.000690, 0.000711
1.108678, 0.000697, 0.000719
1.119623, 0.000704, 0.000726
1.130576, 0.000712, 0.000733
1.141540, 0.000719, 0.000741
1.152512, 0.000726, 0.000748
1.163495, 0.000733, 0.000755
1.174487, 0.000740, 0.000763
1.185488, 0.000747, 0.000770
1.196499, 0.000754, 0.000777
1.207520, 0.000762, 0.000785
1.218550, 0.000769, 0.000792
1.229590, 0.000776, 0.000800
1.240639, 0.000783, 0.000807
1.251698, 0.000790, 0.000815
1.262767, 0.000798, 0.000822
1.273845, 0.000805, 0.000830
1.284933, 0.000812, 0.000837
1.296031, 0.000820, 0.000845
1.307138, 0.000827, 0.000852
1.318255, 0.000834, 0.000860
1.329382, 0.000842, 0.000867
1.340518, 0.000849, 0.000875
1.351664, 0.000856, 0.000882
1.362820, 0.000864, 0.000890
1.373986, 0.000871, 0.000898
1.385162, 0.000878, 0.000905
1.396347, 0.000886, 0.000913
1.407542, 0.000893, 0.000921
1.418747, 0.000901, 0.000928
1.429962, 0.000908, 0.000936
1.441186, 0.000916, 0.000944
1.452421, 0.000923, 0.000952
1.463665, 0.000931, 0.000959
1.474920, 0.000938, 0.000967
1.486184, 0.000946, 0.000975
1.497458, 0.000953, 0.000983
1.508742, 0.000961, 0.000990
1.520036, 0.000968, 0.000998
1.531339, 0.000976, 0.001006
1.542653, 0.000984, 0.001014
1.553977, 0.000991, 0.001022
1.565311, 0.000999, 0.001030
1.576655, 0.001006, 0.001038
1.588008, 0.001014, 0.001046
1.599372, 0.001022, 0.001054
1.610746, 0.001030, 0.001061
1.622130, 0.001037, 0.001069
1.633524, 0.001045, 0.001077
1.644928, 0.001053, 0.001085
1.656342, 0.001061, 0.001094
1.667767, 0.001068, 0.001102
1.679201, 0.001076, 0.001110
1.690646, 0.001084, 0.001118
1.702100, 0.001092, 0.001126
1.713565, 0.001100, 0.001134
1.725040, 0.001108, 0.001142
1.736525, 0.001116, 0.001150
1.748021, 0.001123, 0.001158
1.759526, 0.001131, 0.001167
1.771042, 0.001139, 0.001175
1.782568, 0.001147, 0.001183
1.794105, 0.001155, 0.001191
1.805651, 0.001163, 0.001200
1.817208, 0.001171, 0.001208
1.828776, 0.001179, 0.001216
1.840353, 0.001187, 0.001225
1.851941, 0.001196, 0.001233
1.863539, 0.001204, 0.001241
1.875148, 0.001212, 0.001250
1.886767, 0.001220, 0.001258
1.898396, 0.001228, 0.001267
1.910036, 0.001236, 0.001275
1.921686, 0.001244, 0.001284
1.933346, 0.001253, 0.001292
1.945017, 0.001261, 0.001301
1.956699, 0.001269, 0.001309
1.968391, 0.001278, 0.001318
1.980093, 0.001286, 0.001326
1.991806, 0.001294, 0.001335
2.003529, 0.001303, 0.001344
2.015263, 0.001311, 0.001352
2.027008, 0.001319, 0.001361
2.038763, 0.001328, 0.001370
2.050528, 0.001336, 0.001378
2.062305, 0.001345, 0.001387
2.074091, 0.001353, 0.001396
2.085889, 0.001362, 0.001405
2.097697, 0.001370, 0.001414
2.109515, 0.001379, 0.001422
2.121344, 0.001387, 0.001431
2.133184, 0.001396, 0.001440
2.145035, 0.001404, 0.001449
2.156896, 0.001413, 0.001458
2.168768, 0.001422, 0.001467
2.180651, 0.001430, 0.001476
2.192545, 0.001439, 0.001485
2.204449, 0.001448, 0.001494
2.216364, 0.001457, 0.001503
2.228289, 0.001465, 0.001512
2.240226, 0.001474, 0.001521
2.252173, 0.001483, 0.001531
2.264132, 0.001492, 0.001540
2.276101, 0.001501, 0.001549
2.288081, 0.001510, 0.001558
2.300071, 0.001519, 0.001567
2.312073, 0.001528, 0.001577
2.324086, 0.001537, 0.001586
2.336109, 0.001546, 0.001595
2.348143, 0.001555, 0.001605
2.360189, 0.001564, 0.001614
2.372245, 0.001573, 0.001624
2.384312, 0.001582, 0.001633
2.396391, 0.001591, 0.001642
2.408480, 0.001600, 0.001652
2.420580, 0.001610, 0.001662
2.432691, 0.001619, 0.001671
2.444814, 0.001628, 0.001681
2.456947, 0.001637, 0.001690
2.469092, 0.001647, 0.001700
2.481247, 0.001656, 0.001710
2.493414, 0.001665, 0.001719
2.505592, 0.001675, 0.001729
2.517781, 0.001684, 0.001739
2.529981, 0.001694, 0.001749
2.542192, 0.001703, 0.001759
2.554415, 0.001713, 0.001768
2.566649, 0.001722, 0.001778
2.578894, 0.001732, 0.001788
2.591150, 0.001741, 0.001798
2.603417, 0.001751, 0.001808
2.615696, 0.001761, 0.001818
2.627986, 0.001770, 0.001828
2.640287, 0.001780, 0.001838
2.652600, 0.001790, 0.001849
2.664923, 0.001800, 0.001859
2.677259, 0.001810, 0.001869
2.689605, 0.001819, 0.001879
2.701963, 0.001829, 0.001889
2.714332, 0.001839, 0.001900
2.726713, 0.001849, 0.001910
2.739105, 0.001859, 0.001921
2.751509, 0.001869, 0.001931
2.763924, 0.001879, 0.001941
2.776351, 0.001889, 0.001952
2.788789, 0.001900, 0.001962
2.801238, 0.001910, 0.001973
2.813699, 0.001920, 0.001984
2.826172, 0.001930, 0.001994
2.838656, 0.001941, 0.002005
2.851151, 0.001951, 0.002016
2.863659, 0.001961, 0.002026
2.876177, 0.001972, 0.002037
2.888708, 0.001982, 0.002048
2.901250, 0.001993, 0.002059
2.913804, 0.002003, 0.002070
2.926369, 0.002014, 0.002081
2.938946, 0.002024, 0.002092
2.951535, 0.002035, 0.002103
2.964135, 0.002045, 0.002114
2.976747, 0.002056, 0.002125
2.989371, 0.002067, 0.002136
3.002007, 0.002078, 0.002147
3.014654, 0.002088, 0.002159
3.027314, 0.002099, 0.002170
3.039985, 0.002110, 0.002181
3.052668, 0.002121, 0.002193
3.065362, 0.002132, 0.002204
3.078069, 0.002143, 0.002215
3.090787, 0.002154, 0.002227
3.103518, 0.002165, 0.002239
3.116260, 0.002177, 0.002250
3.129014, 0.002188, 0.002262
3.141780, 0.002199, 0.002273
3.154558, 0.002210, 0.002285
3.167348, 0.002222, 0.002297
3.180150, 0.002233, 0.002309
3.192965, 0.002244, 0.002321
3.205791, 0.002256, 0.002333
3.218629, 0.002267, 0.002345
3.231479, 0.002279, 0.002357
3.244341, 0.002291, 0.002369
3.257215, 0.002302, 0.002381
3.270102, 0.002314, 0.002393
3.283001, 0.002326, 0.002405
3.295911, 0.002338, 0.002418
3.308834, 0.002349, 0.002430
3.321769, 0.002361, 0.002442
3.334716, 0.002373, 0.002455
3.347676, 0.002385, 0.002467
3.360648, 0.002397, 0.002480
3.373632, 0.002409, 0.002492
3.386628, 0.002422, 0.002505
3.399636, 0.002434, 0.002518
3.412657, 0.002446, 0.002531
3.425690, 0.002458, 0.002543
3.438736, 0.002471, 0.002556
3.451793, 0.002483, 0.002569
3.464864, 0.002496, 0.002582
3.477946, 0.002508, 0.002595
3.491041, 0.002521, 0.002608
3.504149, 0.002533, 0.002622
3.517268, 0.002546, 0.002635
3.530401, 0.002559, 0.002648
3.543545, 0.002572, 0.002662
3.556703, 0.002585, 0.002675
3.569872, 0.002598, 0.002688
3.583055, 0.002611, 0.002702
3.596250, 0.002624, 0.002716
3.609457, 0.002637, 0.002729
3.622677, 0.002650, 0.002743
3.635910, 0.002663, 0.002757
3.649155, 0.002677, 0.002771
3.662413, 0.002690, 0.002785
3.675683, 0.002703, 0.002799
3.688966, 0.002717, 0.002813
3.702262, 0.002730, 0.002827
3.715571, 0.002744, 0.002841
3.728892, 0.002758, 0.002856
3.742226, 0.002772, 0.002870
3.755573, 0.002785, 0.002884
3.768933, 0.002799, 0.002899
3.782305, 0.002813, 0.002913
3.795690, 0.002827, 0.002928
3.809088, 0.002841, 0.002943
3.822499, 0.002856, 0.002958
3.835923, 0.002870, 0.002973
3.849360, 0.002884, 0.002988
3.862809, 0.002899, 0.003003
3.876272, 0.002913, 0.003018
3.889747, 0.002928, 0.003033
3.903236, 0.002942, 0.003048
3.916737, 0.002957, 0.003064
3.930252, 0.002972, 0.003079
3.943779, 0.002987, 0.003095
3.957320, 0.003002, 0.003110
3.970873, 0.003017, 0.003126
3.984440, 0.003032, 0.003142
3.998020, 0.003047, 0.003158
4.011613, 0.003062, 0.003173
4.025219, 0.003078, 0.003190
4.038838, 0.003093, 0.003206
4.052470, 0.003109, 0.003222
4.066116, 0.003124, 0.003238
4.079774, 0.003140, 0.003255
4.093446, 0.003156, 0.003271
4.107132, 0.003172, 0.003288
4.120830, 0.003188, 0.003304
4.134542, 0.003204, 0.003321
4.148267, 0.003220, 0.003338
4.162005, 0.003236, 0.003355
4.175757, 0.003252, 0.003372
4.189522, 0.003269, 0.003389
4.203301, 0.003285, 0.003407
4.217093, 0.003302, 0.003424
4.230898, 0.003319, 0.003442
4.244717, 0.003336, 0.003459
4.258550, 0.003353, 0.003477
4.272395, 0.003370, 0.003495
4.286255, 0.003387, 0.003513
4.300127, 0.003404, 0.003531
4.314014, 0.003421, 0.003549
4.327914, 0.003439, 0.003567
4.341827, 0.003456, 0.003586
4.355754, 0.003474, 0.003604
4.369695, 0.003492, 0.003623
4.383650, 0.003510, 0.003641
4.397618, 0.003528, 0.003660
4.411599, 0.003546, 0.003679
4.425595, 0.003564, 0.003698
4.439604, 0.003582, 0.003718
4.453627, 0.003601, 0.003737
4.467664, 0.003619, 0.003756
4.481714, 0.003638, 0.003776
4.495779, 0.003657, 0.003796
4.509857, 0.003676, 0.003816
4.523949, 0.003695, 0.003836
4.538054, 0.003714, 0.003856
4.552174, 0.003734, 0.003876
4.566308, 0.003753, 0.003897
4.580455, 0.003773, 0.003917
4.594617, 0.003793, 0.003938
4.608792, 0.003813, 0.003959
4.622982, 0.003833, 0.003980
4.637185, 0.003853, 0.004001
4.651403, 0.003873, 0.004022
4.665635, 0.003894, 0.004044
4.679880, 0.003914, 0.004065
4.694140, 0.003935, 0.004087
4.708414, 0.003956, 0.004109
4.722702, 0.003977, 0.004131
4.737004, 0.003998, 0.004154
4.751320, 0.004020, 0.004176
4.765651, 0.004041, 0.004199
4.779996, 0.004063, 0.004221
4.794355, 0.004085, 0.004244
4.808728, 0.004107, 0.004268
4.823116, 0.004129, 0.004291
4.837517, 0.004152, 0.004314
4.851934, 0.004174, 0.004338
4.866364, 0.004197, 0.004362
4.880809, 0.004220, 0.004386
4.895268, 0.004243, 0.004410
4.909742, 0.004266, 0.004435
4.924230, 0.004290, 0.004459
4.938733, 0.004313, 0.004484
4.953250, 0.004337, 0.004509
4.967782, 0.004361, 0.004535
4.982328, 0.004386, 0.004560
4.996889, 0.004410, 0.004586
5.011464, 0.004435, 0.004612
5.026054, 0.004460, 0.004638
5.040658, 0.004485, 0.004664
5.055277, 0.004510, 0.004691
5.069911, 0.004536, 0.004718
5.084559, 0.004561, 0.004745
5.099222, 0.004587, 0.004772
5.113900, 0.004614, 0.004800
5.128593, 0.004640, 0.004828
5.143300, 0.004667, 0.004856
5.158022, 0.004694, 0.004884
5.172759, 0.004721, 0.004913
5.187511, 0.004749, 0.004942
5.202277, 0.004776, 0.004971
5.217059, 0.004804, 0.005001
5.231855, 0.004833, 0.005030
5.246667, 0.004861, 0.005060
5.261493, 0.004890, 0.005091
5.276334, 0.004919, 0.005121
5.291190, 0.004948, 0.005152
5.306062, 0.004978, 0.005184
5.320948, 0.005008, 0.005215
5.335849, 0.005038, 0.005247
5.350766, 0.005069, 0.005279
5.365697, 0.005100, 0.005312
5.380644, 0.005131, 0.005345
5.395605, 0.005163, 0.005378
5.410582, 0.005195, 0.005412
5.425575, 0.005227, 0.005446
5.440582, 0.005260, 0.005480
5.455604, 0.005293, 0.005515
5.470642, 0.005326, 0.005550
5.485696, 0.005360, 0.005586
5.500764, 0.005394, 0.005622
5.515848, 0.005429, 0.005658
5.530947, 0.005464, 0.005695
5.546062, 0.005499, 0.005732
5.561191, 0.005535, 0.005770
5.576337, 0.005571, 0.005808
5.591498, 0.005608, 0.005847
5.606674, 0.005645, 0.005886
5.621866, 0.005682, 0.005926
5.637073, 0.005720, 0.005966
5.652296, 0.005759, 0.006007
5.667534, 0.005798, 0.006048
5.682789, 0.005838, 0.006090
5.698058, 0.005878, 0.006132
5.713343, 0.005918, 0.006175
5.728644, 0.005960, 0.006219
5.743961, 0.006001, 0.006263
5.759294, 0.006044, 0.006308
5.774642, 0.006087, 0.006353
5.790006, 0.006130, 0.006399
5.805385, 0.006175, 0.006446
5.820781, 0.006220, 0.006493
5.836192, 0.006265, 0.006542
5.851619, 0.006311, 0.006590
5.867062, 0.006359, 0.006640
5.882521, 0.006406, 0.006691
5.897996, 0.006455, 0.006742
5.913487, 0.006504, 0.006794
5.928994, 0.006554, 0.006847
5.944517, 0.006605, 0.006901
5.960056, 0.006657, 0.006956
5.975611, 0.006710, 0.007012
5.991182, 0.006764, 0.007069
6.006769, 0.006818, 0.007127
6.022372, 0.006874, 0.007186
6.037992, 0.006931, 0.007246
6.053627, 0.006989, 0.007308
6.069279, 0.007048, 0.007370
6.084947, 0.007108, 0.007434
6.100632, 0.007169, 0.007499
6.116332, 0.007232, 0.007565
6.132049, 0.007296, 0.007633
6.147782, 0.007361, 0.007703
6.163532, 0.007428, 0.007773
6.179298, 0.007496, 0.007846
6.195081, 0.007566, 0.007920
6.210879, 0.007638, 0.007996
6.226695, 0.007711, 0.008074
6.242527, 0.007786, 0.008154
6.258375, 0.007863, 0.008235
6.274240, 0.007942, 0.008319
6.290121, 0.008023, 0.008405
6.306019, 0.008106, 0.008494
6.321934, 0.008192, 0.008585
6.337865, 0.008280, 0.008678
6.353813, 0.008370, 0.008775
6.369778, 0.008464, 0.008874
6.385759, 0.008560, 0.008976
6.401758, 0.008659, 0.009082
6.417773, 0.008761, 0.009191
6.433804, 0.008867, 0.009304
6.449853, 0.008977, 0.009421
6.465918, 0.009091, 0.009542
6.482001, 0.009208, 0.009668
6.498100, 0.009331, 0.009799
6.514216, 0.009458, 0.009934
6.530349, 0.009590, 0.010076
6.546499, 0.009728, 0.010223
6.562666, 0.009872, 0.010377
6.578850, 0.010022, 0.010537
6.595052, 0.010180, 0.010706
6.611270, 0.010345, 0.010882
6.627505, 0.010518, 0.011068
6.643758, 0.010701, 0.011263
6.660028, 0.010893, 0.011469
6.676315, 0.011095, 0.011686
6.692619, 0.011310, 0.011915
6.708940, 0.011537, 0.012159
6.725279, 0.011778, 0.012418
6.741635, 0.012034, 0.012693
6.758009, 0.012308, 0.012986
6.774399, 0.012599, 0.013299
6.790808, 0.012910, 0.013633
6.807233, 0.013243, 0.013991
6.823676, 0.013600, 0.014374
6.840137, 0.013981, 0.014783
6.856615, 0.014389, 0.015222
6.873111, 0.014825, 0.015691
6.889624, 0.015289, 0.016190
6.906154, 0.015782, 0.016721
6.922703, 0.016303, 0.017282
6.939269, 0.016851, 0.017871
6.955853, 0.017422, 0.018486
6.972454, 0.018014, 0.019123
6.989073, 0.018621, 0.019777
7.005710, 0.019240, 0.020442
7.022365, 0.019865, 0.021114
7.039037, 0.020492, 0.021789
7.055728, 0.021118, 0.022461
7.072436, 0.021739, 0.023128
7.089162, 0.022355, 0.023789
7.105906, 0.022962, 0.024440
7.122668, 0.023562, 0.025082
7.139448, 0.024155, 0.025716
7.156246, 0.024742, 0.026343
7.173062, 0.025329, 0.026969
7.189897, 0.025921, 0.027600
7.206749, 0.026525, 0.028242
7.223619, 0.027149, 0.028906
7.240508, 0.027801, 0.029599
7.257415, 0.028489, 0.030330
7.274340, 0.029217, 0.031104
7.291283, 0.029986, 0.031923
7.308245, 0.030794, 0.032784
7.325225, 0.031634, 0.033680
7.342223, 0.032495, 0.034602
7.359239, 0.033366, 0.035534
7.376274, 0.034231, 0.036463
7.393328, 0.035078, 0.037375
7.410400, 0.035896, 0.038257
7.427490, 0.036675, 0.039099
7.444599, 0.037408, 0.039894
7.461727, 0.038093, 0.040638
7.478873, 0.038728, 0.041330
7.496037, 0.039315, 0.041971
7.513221, 0.039858, 0.042564
7.530423, 0.040362, 0.043116
7.547643, 0.040833, 0.043632
7.564883, 0.041278, 0.044119
7.582141, 0.041703, 0.044584
7.599418, 0.042113, 0.045033
7.616714, 0.042511, 0.045468
7.634029, 0.042898, 0.045891
7.651362, 0.043272, 0.046301
7.668715, 0.043630, 0.046693
7.686086, 0.043969, 0.047065
7.703477, 0.044284, 0.047410
7.720886, 0.044570, 0.047724
7.738314, 0.044824, 0.048003
7.755762, 0.045044, 0.048245
7.773229, 0.045228, 0.048446
7.790715, 0.045378, 0.048608
7.808220, 0.045493, 0.048732
7.825744, 0.045579, 0.048822
7.843287, 0.045641, 0.048884
7.860850, 0.045687, 0.048925
7.878432, 0.045725, 0.048955
7.896033, 0.045764, 0.048984
7.913654, 0.045811, 0.049019
7.931294, 0.045870, 0.049067
7.948953, 0.045947, 0.049132
7.966632, 0.046043, 0.049216
7.984331, 0.046160, 0.049320
8.002049, 0.046297, 0.049447
8.019786, 0.046456, 0.049596
8.037543, 0.046636, 0.049766
8.055320, 0.046838, 0.049960
8.073117, 0.047062, 0.050176
8.090933, 0.047308, 0.050414
8.108768, 0.047575, 0.050675
8.126624, 0.047862, 0.050956
8.144499, 0.048168, 0.051255
8.162394, 0.048490, 0.051572
8.180309, 0.048826, 0.051901
8.198244, 0.049174, 0.052243
8.216199, 0.049532, 0.052594
8.234174, 0.049901, 0.052955
8.252168, 0.050283, 0.053329
8.270183, 0.050680, 0.053719
8.288218, 0.051094, 0.054127
8.306273, 0.051528, 0.054556
8.324348, 0.051982, 0.055007
8.342443, 0.052454, 0.055479
8.360558, 0.052940, 0.055968
8.378694, 0.053435, 0.056470
8.396849, 0.053934, 0.056978
8.415025, 0.054429, 0.057487
8.433222, 0.054915, 0.057990
8.451438, 0.055386, 0.058482
8.469676, 0.055837, 0.058956
8.487933, 0.056262, 0.059407
8.506211, 0.056655, 0.059828
8.524509, 0.057006, 0.060209
8.542828, 0.057308, 0.060540
8.561168, 0.057552, 0.060812
8.579528, 0.057731, 0.061015
8.597909, 0.057842, 0.061144
8.616310, 0.057883, 0.061196
8.634732, 0.057860, 0.061175
8.653175, 0.057780, 0.061087
8.671639, 0.057653, 0.060941
8.690123, 0.057492, 0.060751
8.708629, 0.057308, 0.060529
8.727155, 0.057115, 0.060288
8.745702, 0.056925, 0.060043
8.764270, 0.056749, 0.059804
8.782859, 0.056596, 0.059584
8.801469, 0.056477, 0.059393
8.820100, 0.056401, 0.059241
8.838752, 0.056374, 0.059137
8.857425, 0.056407, 0.059090
8.876119, 0.056505, 0.059108
8.894835, 0.056676, 0.059200
8.913572, 0.056929, 0.059373
8.932330, 0.057270, 0.059636
8.951109, 0.057706, 0.059997
8.969910, 0.058246, 0.060465
8.988732, 0.058895, 0.061046
9.007575, 0.059658, 0.061747
9.026440, 0.060539, 0.062571
9.045327, 0.061539, 0.063520
9.064235, 0.062657, 0.064593
9.083164, 0.063890, 0.065788
9.102115, 0.065234, 0.067098
9.121088, 0.066682, 0.068517
9.140082, 0.068230, 0.070040
9.159098, 0.069871, 0.071658
9.178136, 0.071599, 0.073366
9.197196, 0.073410, 0.075158
9.216277, 0.075297, 0.077028
9.235380, 0.077255, 0.078968
9.254506, 0.079275, 0.080970
9.273653, 0.081347, 0.083021
9.292822, 0.083459, 0.085111
9.312013, 0.085601, 0.087224
9.331226, 0.087760, 0.089348
9.350461, 0.089928, 0.091474
9.369719, 0.092098, 0.093594
9.388998, 0.094269, 0.095706
9.408300, 0.096441, 0.097812
9.427624, 0.098620, 0.099919
9.446970, 0.100809, 0.102032
9.466338, 0.103013, 0.104159
9.485729, 0.105235, 0.106304
9.505142, 0.107475, 0.108473
9.524578, 0.109732, 0.110667
9.544036, 0.112005, 0.112887
9.563517, 0.114289, 0.115130
9.583020, 0.116583, 0.117395
9.602546, 0.118885, 0.119680
9.622094, 0.121192, 0.121984
9.641665, 0.123507, 0.124305
9.661259, 0.125831, 0.126644
9.680875, 0.128170, 0.129004
9.700515, 0.130530, 0.131391
9.720177, 0.132918, 0.133810
9.739862, 0.135341, 0.136268
9.759570, 0.137806, 0.138771
9.779300, 0.140313, 0.141322
9.799054, 0.142863, 0.143920
9.818831, 0.145451, 0.146564
9.838631, 0.148070, 0.149247
9.858454, 0.150710, 0.151960
9.878300, 0.153358, 0.154691
9.898169, 0.156004, 0.157429
9.918061, 0.158635, 0.160161
9.937977, 0.161240, 0.162875
9.957916, 0.163812, 0.165561
9.977879, 0.166346, 0.168213
9.997865, 0.168845, 0.170830
10.017874, 0.171317, 0.173416
10.037906, 0.173773, 0.175980
10.057963, 0.176232, 0.178537
10.078042, 0.178710, 0.181103
10.098146, 0.181223, 0.183692
10.118273, 0.183783, 0.186316
10.138423, 0.186396, 0.188983
10.158598, 0.189065, 0.191697
10.178796, 0.191794, 0.194458
10.199018, 0.194584, 0.197270
10.219264, 0.197440, 0.200136
10.239533, 0.200369, 0.203063
10.259827, 0.203382, 0.206065
10.280144, 0.206489, 0.209155
10.300486, 0.209706, 0.212354
10.320852, 0.213046, 0.215682
10.341241, 0.216526, 0.219164
10.361655, 0.220158, 0.222822
10.382093, 0.223956, 0.226680
10.402555, 0.227927, 0.230755
10.423042, 0.232073, 0.235056
10.443553, 0.236391, 0.239584
10.464088, 0.240871, 0.244328
10.484648, 0.245500, 0.249271
10.505232, 0.250258, 0.254389
10.525840, 0.255119, 0.259655
10.546473, 0.260054, 0.265041
10.567131, 0.265027, 0.270521
10.587813, 0.269998, 0.276067
10.608520, 0.274922, 0.281656
10.629252, 0.279755, 0.287261
10.650008, 0.284456, 0.292855
10.670789, 0.288989, 0.298406
10.691595, 0.293322, 0.303880
10.712426, 0.297433, 0.309239
10.733282, 0.301308, 0.314443
10.754163, 0.304940, 0.319452
10.775069, 0.308333, 0.324230
10.796000, 0.311504, 0.328753
10.816956, 0.314483, 0.333011
10.837937, 0.317312, 0.337016
10.858943, 0.320040, 0.340793
10.879975, 0.322717, 0.344381
10.901032, 0.325386, 0.347818
10.922114, 0.328076, 0.351136
10.943222, 0.330802, 0.354356
10.964355, 0.333567, 0.357484
10.985513, 0.336364, 0.360522
11.006697, 0.339187, 0.363463
11.027907, 0.342027, 0.366306
11.049142, 0.344882, 0.369053
11.070403, 0.347751, 0.371710
11.091689, 0.350639, 0.374292
11.113002, 0.353553, 0.376815
11.134340, 0.356499, 0.379302
11.155704, 0.359485, 0.381771
11.177094, 0.362514, 0.384238
11.198510, 0.365584, 0.386711
11.219951, 0.368689, 0.389191
11.241419, 0.371819, 0.391673
11.262913, 0.374967, 0.394151
11.284433, 0.378128, 0.396623
11.305979, 0.381307, 0.399097
11.327552, 0.384516, 0.401590
11.349150, 0.387779, 0.404135
11.370775, 0.391123, 0.406771
11.392427, 0.394580, 0.409544
11.414105, 0.398176, 0.412494
11.435809, 0.401926, 0.415652
11.457540, 0.405835, 0.419031
11.479297, 0.409889, 0.422625
11.501081, 0.414065, 0.426409
11.522892, 0.418326, 0.430341
11.544729, 0.422627, 0.434365
11.566593, 0.426922, 0.438418
11.588484, 0.431166, 0.442434
11.610402, 0.435323, 0.446350
11.632346, 0.439372, 0.450119
11.654318, 0.443314, 0.453719
11.676317, 0.447172, 0.457157
11.698342, 0.450992, 0.460470
11.720395, 0.454835, 0.463722
11.742475, 0.458768, 0.466992
11.764582, 0.462863, 0.470368
11.786717, 0.467193, 0.473937
11.808878, 0.471834, 0.477778
11.831067, 0.476856, 0.481959
11.853284, 0.482329, 0.486533
11.875528, 0.488309, 0.491535
11.897799, 0.494842, 0.496992
11.920098, 0.501959, 0.502916
11.942425, 0.509680, 0.509321
11.964779, 0.518021, 0.516220
11.987161, 0.526999, 0.523637
12.009571, 0.536642, 0.531610
12.032008, 0.546987, 0.540188
12.054474, 0.558081, 0.549428
12.076967, 0.569974, 0.559392
12.099488, 0.582718, 0.570138
12.122038, 0.596368, 0.581726
12.144615, 0.610981, 0.594215
12.167221, 0.626620, 0.607673
12.189854, 0.643354, 0.622173
12.212516, 0.661253, 0.637796
12.235207, 0.680385, 0.654625
12.257925, 0.700799, 0.672738
12.280672, 0.722524, 0.692202
12.303448, 0.745542, 0.713054
12.326252, 0.769781, 0.735290
12.349084, 0.795093, 0.758847
12.371945, 0.821254, 0.783591
12.394835, 0.847964, 0.809319
12.417754, 0.874872, 0.835771
12.440701, 0.901617, 0.862661
12.463677, 0.927867, 0.889711
12.486682, 0.953354, 0.916684
12.509716, 0.977888, 0.943402
12.532779, 1.001353, 0.969751
12.555871, 1.023682, 0.995665
12.578992, 1.044823, 1.021099
12.602142, 1.064717, 1.046007
12.625321, 1.083279, 1.070318
12.648530, 1.100417, 1.093946
12.671768, 1.116051, 1.116805
12.695035, 1.130145, 1.138848
12.718332, 1.142709, 1.160081
12.741658, 1.153774, 1.180558
12.765014, 1.163329, 1.200333
12.788399, 1.171249, 1.219381
12.811814, 1.177226, 1.237509
12.835259, 1.180756, 1.254282
12.858734, 1.181187, 1.269022
12.882238, 1.177849, 1.280877
12.905772, 1.170206, 1.288973
12.929336, 1.157986, 1.292564
12.952931, 1.141225, 1.291157
12.976555, 1.120244, 1.284559
13.000209, 1.095578, 1.272865
13.023894, 1.067894, 1.256425
13.047608, 1.037928, 1.235787
13.071353, 1.006411, 1.211641
13.095129, 0.973998, 1.184726
13.118935, 0.941201, 1.155724
13.142771, 0.908343, 1.125155
13.166637, 0.875564, 1.093328
13.190535, 0.842874, 1.060358
13.214463, 0.810248, 1.026268
13.238421, 0.777723, 0.991108
13.262411, 0.745447, 0.955068
13.286431, 0.713673, 0.918500
13.310482, 0.682710, 0.881872
13.334564, 0.652848, 0.845683
13.358677, 0.624320, 0.810379
13.382821, 0.597270, 0.776305
13.406996, 0.571755, 0.743687
13.431202, 0.547759, 0.712634
13.455440, 0.525204, 0.683153
13.479709, 0.503982, 0.655181
13.504009, 0.483979, 0.628627
13.528340, 0.465117, 0.603423
13.552703, 0.447379, 0.579561
13.577098, 0.430798, 0.557100
13.601524, 0.415435, 0.536128
13.625982, 0.401335, 0.516718
13.650471, 0.388508, 0.498899
13.674993, 0.376918, 0.482644
13.699546, 0.366495, 0.467888
13.724131, 0.357160, 0.454558
13.748748, 0.348841, 0.442595
13.773397, 0.341493, 0.431974
13.798078, 0.335097, 0.422699
13.822792, 0.329649, 0.414785
13.847537, 0.325132, 0.408224
13.872315, 0.321495, 0.402958
13.897125, 0.318640, 0.398859
13.921968, 0.316426, 0.395735
13.946843, 0.314689, 0.393357
13.971750, 0.313264, 0.391490
13.996690, 0.312009, 0.389923
14.021663, 0.310808, 0.388488
14.046669, 0.309580, 0.387060
14.071707, 0.308283, 0.385567
14.096778, 0.306913, 0.383989
14.121882, 0.305503, 0.382356
14.147020, 0.304108, 0.380730
14.172190, 0.302779, 0.379176
14.197393, 0.301551, 0.377741
14.222629, 0.300425, 0.376434
14.247899, 0.299372, 0.375223
14.273202, 0.298345, 0.374049
14.298538, 0.297293, 0.372843
14.323908, 0.296181, 0.371551
14.349311, 0.295005, 0.370155
14.374748, 0.293787, 0.368674
14.400219, 0.292571, 0.367158
14.425723, 0.291409, 0.365671
14.451261, 0.290350, 0.364276
14.476833, 0.289427, 0.363021
14.502439, 0.288657, 0.361932
14.528079, 0.288032, 0.361007
14.553752, 0.287525, 0.360214
14.579460, 0.287099, 0.359507
14.605202, 0.286719, 0.358839
14.630979, 0.286352, 0.358168
14.656789, 0.285976, 0.357465
14.682634, 0.285572, 0.356709
14.708514, 0.285133, 0.355887
14.734428, 0.284658, 0.355000
14.760376, 0.284167, 0.354066
14.786360, 0.283688, 0.353117
14.812378, 0.283254, 0.352192
14.838431, 0.282889, 0.351322
14.864518, 0.282606, 0.350526
14.890641, 0.282412, 0.349818
14.916799, 0.282326, 0.349227
14.942991, 0.282384, 0.348809
14.969219, 0.282638, 0.348637
14.995482, 0.283131, 0.348779
15.021781, 0.283881, 0.349272
15.048114, 0.284868, 0.350107
15.074484, 0.286048, 0.351240
15.100888, 0.287362, 0.352609
15.127329, 0.288761, 0.354161
15.153804, 0.290211, 0.355857
15.180316, 0.291696, 0.357680
15.206864, 0.293214, 0.359623
15.233447, 0.294764, 0.361682
15.260066, 0.296336, 0.363835
15.286721, 0.297892, 0.366030
15.313413, 0.299361, 0.368168
15.340140, 0.300646, 0.370115
15.366904, 0.301648, 0.371723
15.393704, 0.302289, 0.372871
15.420541, 0.302537, 0.373493
15.447414, 0.302409, 0.373595
15.474323, 0.301961, 0.373237
15.501269, 0.301268, 0.372513
15.528252, 0.300404, 0.371519
15.555271, 0.299426, 0.370334
15.582328, 0.298366, 0.369008
15.609421, 0.297233, 0.367558
15.636551, 0.296022, 0.365981
15.663718, 0.294741, 0.364286
15.690923, 0.293422, 0.362509
15.718164, 0.292118, 0.360719
15.745443, 0.290877, 0.358984
15.772760, 0.289704, 0.357330
15.800113, 0.288551, 0.355716
15.827504, 0.287339, 0.354049
15.854933, 0.285996, 0.352235
15.882400, 0.284501, 0.350225
15.909904, 0.282893, 0.348043
15.937446, 0.281256, 0.345779
15.965026, 0.279684, 0.343543
15.992644, 0.278251, 0.341436
16.020300, 0.276997, 0.339520
16.047994, 0.275938, 0.337827
16.075727, 0.275075, 0.336365
16.103497, 0.274414, 0.335147
16.131306, 0.273979, 0.334196
16.159154, 0.273803, 0.333550
16.187040, 0.273922, 0.333249
16.214964, 0.274363, 0.333329
16.242928, 0.275146, 0.333819
16.270930, 0.276281, 0.334749
16.298971, 0.277773, 0.336141
16.327051, 0.279610, 0.338007
16.355170, 0.281758, 0.340326
16.383328, 0.284155, 0.343046
16.411525, 0.286726, 0.346088
16.439762, 0.289395, 0.349361
16.468038, 0.292091, 0.352776
16.496353, 0.294762, 0.356260
16.524708, 0.297364, 0.359754
16.553102, 0.299856, 0.363205
16.581536, 0.302194, 0.366562
16.610010, 0.304320, 0.369757
16.638524, 0.306168, 0.372710
16.667077, 0.307661, 0.375325
16.695671, 0.308715, 0.377491
16.724305, 0.309248, 0.379091
16.752978, 0.309187, 0.380017
16.781693, 0.308491, 0.380184
16.810447, 0.307161, 0.379557
16.839242, 0.305244, 0.378151
16.868078, 0.302829, 0.376028
16.896954, 0.300033, 0.373297
16.925870, 0.297000, 0.370103
16.954828, 0.293884, 0.366629
16.983826, 0.290826, 0.363067
17.012866, 0.287919, 0.359569
17.041946, 0.285188, 0.356211
17.071068, 0.282606, 0.352991
17.100231, 0.280120, 0.349862
17.129435, 0.277691, 0.346769
17.158680, 0.275303, 0.343683
17.187967, 0.272967, 0.340604
17.217295, 0.270718, 0.337570
17.246666, 0.268604, 0.334643
17.276078, 0.266671, 0.331897
17.305531, 0.264957, 0.329395
17.335027, 0.263470, 0.327175
17.364565, 0.262191, 0.325233
17.394144, 0.261064, 0.323520
17.423766, 0.260009, 0.321945
17.453430, 0.258939, 0.320400
17.483137, 0.257791, 0.318793
17.512886, 0.256534, 0.317073
17.542678, 0.255170, 0.315231
17.572512, 0.253706, 0.313276
17.602389, 0.252130, 0.311195
17.632309, 0.250398, 0.308935
17.662271, 0.248455, 0.306414
17.692277, 0.246270, 0.303563
17.722326, 0.243873, 0.300374
17.752418, 0.241361, 0.296927
17.782553, 0.238876, 0.293377
17.812732, 0.236565, 0.289908
17.842954, 0.234537, 0.286682
17.873220, 0.232844, 0.283801
17.903530, 0.231485, 0.281294
17.933883, 0.230424, 0.279136
17.964280, 0.229617, 0.277277
17.994721, 0.229048, 0.275685
18.025206, 0.228739, 0.274373
18.055735, 0.228735, 0.273394
18.086308, 0.229080, 0.272811
18.116926, 0.229793, 0.272669
18.147588, 0.230858, 0.272977
18.178295, 0.232244, 0.273721
18.209047, 0.233910, 0.274879
18.239843, 0.235820, 0.276428
18.270683, 0.237924, 0.278334
18.301569, 0.240152, 0.280539
18.332500, 0.242412, 0.282954
18.363476, 0.244607, 0.285471
18.394497, 0.246648, 0.287986
18.425564, 0.248466, 0.290408
18.456676, 0.250004, 0.292657
18.487833, 0.251198, 0.294651
18.519036, 0.251977, 0.296292
18.550285, 0.252261, 0.297466
18.581579, 0.251993, 0.298072
18.612920, 0.251164, 0.298059
18.644306, 0.249816, 0.297440
18.675739, 0.248026, 0.296277
18.707217, 0.245876, 0.294649
18.738743, 0.243434, 0.292626
18.770314, 0.240745, 0.290246
18.801932, 0.237843, 0.287526
18.833597, 0.234771, 0.284490
18.865308, 0.231610, 0.281206
18.897067, 0.228484, 0.277804
18.928872, 0.225534, 0.274458
18.960724, 0.222876, 0.271332
18.992623, 0.220571, 0.268537
19.024570, 0.218612, 0.266105
19.056564, 0.216939, 0.263997
19.088605, 0.215461, 0.262125
19.120694, 0.214087, 0.260383
19.152831, 0.212756, 0.258691
19.185015, 0.211464, 0.257027
19.217248, 0.210263, 0.255440
19.249528, 0.209238, 0.254024
19.281857, 0.208470, 0.252884
19.314233, 0.208005, 0.252090
19.346658, 0.207834, 0.251662
19.379132, 0.207904, 0.251565
19.411653, 0.208136, 0.251732
19.444224, 0.208446, 0.252083
19.476843, 0.208747, 0.252527
19.509511, 0.208943, 0.252951
19.542229, 0.208942, 0.253237
19.574995, 0.208680, 0.253287
19.607810, 0.208131, 0.253043
19.640675, 0.207309, 0.252493
19.673589, 0.206261, 0.251660
19.706553, 0.205062, 0.250605
19.739566, 0.203813, 0.249426
19.772629, 0.202630, 0.248254
19.805742, 0.201610, 0.247217
19.838905, 0.200809, 0.246400
19.872118, 0.200230, 0.245829
19.905381, 0.199853, 0.245488
19.938694, 0.199661, 0.245353
19.972058, 0.199652, 0.245424
20.005473, 0.199829, 0.245710
20.038938, 0.200181, 0.246211
20.072454, 0.200683, 0.246906
20.106020, 0.201294, 0.247751
20.139638, 0.201964, 0.248682
20.173307, 0.202635, 0.249629
20.207027, 0.203241, 0.250517
20.240799, 0.203709, 0.251274
20.274622, 0.203961, 0.251825
20.308496, 0.203925, 0.252101
20.342422, 0.203535, 0.252033
20.376400, 0.202736, 0.251551
20.410431, 0.201477, 0.250583
20.444513, 0.199733, 0.249079
20.478647, 0.197496, 0.247010
20.512833, 0.194774, 0.244360
20.547072, 0.191590, 0.241108
20.581364, 0.188002, 0.237260
20.615708, 0.184122, 0.232878
20.650105, 0.180109, 0.228100
20.684555, 0.176120, 0.223107
20.719058, 0.172273, 0.218070
20.753614, 0.168636, 0.213115
20.788224, 0.165247, 0.208334
20.822886, 0.162135, 0.203797
20.857603, 0.159342, 0.199563
20.892373, 0.156925, 0.195697
20.927196, 0.154972, 0.192287
20.962074, 0.153603, 0.189458
20.997006, 0.152951, 0.187363
21.031991, 0.153133, 0.186145
21.067031, 0.154223, 0.185901
21.102126, 0.156234, 0.186657
21.137275, 0.159126, 0.188364
21.172478, 0.162816, 0.190930
21.207737, 0.167203, 0.194241
21.243050, 0.172194, 0.198193
21.278419, 0.177719, 0.202710
21.313842, 0.183741, 0.207746
21.349321, 0.190243, 0.213284
21.384855, 0.197214, 0.219315
21.420445, 0.204628, 0.225821
21.456091, 0.212415, 0.232741
21.491792, 0.220455, 0.239961
21.527549, 0.228610, 0.247333
21.563363, 0.236771, 0.254725
21.599232, 0.244907, 0.262077
21.635158, 0.253077, 0.269423
21.671141, 0.261407, 0.276884
21.707180, 0.270069, 0.284649
21.743275, 0.279240, 0.292954
21.779428, 0.289071, 0.302054
21.815638, 0.299626, 0.312169
21.851904, 0.310845, 0.323423
21.888228, 0.322573, 0.335806
21.924610, 0.334647, 0.349211
21.961049, 0.346991, 0.363504
21.997546, 0.359596, 0.378572
22.034100, 0.372433, 0.394315
22.070713, 0.385358, 0.410606
22.107383, 0.398131, 0.427284
22.144112, 0.410499, 0.444205
22.180900, 0.422279, 0.461306
22.217745, 0.433334, 0.478606
22.254650, 0.443487, 0.496104
22.291613, 0.452448, 0.513665
22.328635, 0.459838, 0.530993
22.365717, 0.465268, 0.547679
22.402857, 0.468411, 0.563264
22.440057, 0.469047, 0.577263
22.477316, 0.467100, 0.589174
22.514635, 0.462707, 0.598580
22.552014, 0.456228, 0.605281
22.589453, 0.448191, 0.609365
22.626952, 0.439162, 0.611153
22.664511, 0.429636, 0.611066
22.702131, 0.419993, 0.609522
22.739810, 0.410525, 0.606922
22.777551, 0.401482, 0.603727
22.815353, 0.393068, 0.600495
22.853215, 0.385346, 0.597725
22.891139, 0.378184, 0.595643
22.929123, 0.371305, 0.594128
22.967170, 0.364383, 0.592790
23.005277, 0.357107, 0.591057
23.043447, 0.349253, 0.588295
23.081678, 0.340773, 0.584036
23.119971, 0.331807, 0.578183
23.158327, 0.322568, 0.570958
23.196745, 0.313223, 0.562664
23.235225, 0.303862, 0.553500
23.273768, 0.294528, 0.543536
23.312373, 0.285260, 0.532775
23.351042, 0.276118, 0.521231
23.389773, 0.267213, 0.509018
23.428568, 0.258705, 0.496418
23.467426, 0.250785, 0.483893
23.506348, 0.243617, 0.472017
23.545333, 0.237268, 0.461293
23.584383, 0.231664, 0.451953
23.623496, 0.226626, 0.443883
23.662673, 0.221963, 0.436742
23.701915, 0.217557, 0.430172
23.741221, 0.213397, 0.423961
23.780592, 0.209559, 0.418093
23.820028, 0.206153, 0.412702
23.859528, 0.203286, 0.407965
23.899094, 0.201052, 0.404052
23.938725, 0.199528, 0.401112
23.978421, 0.198752, 0.399251
24.018183, 0.198665, 0.398436
24.058011, 0.199098, 0.398433
24.097905, 0.199831, 0.398884
24.137865, 0.200690, 0.399495
24.177891, 0.201594, 0.400166
24.217983, 0.202524, 0.400946
24.258142, 0.203473, 0.401859
24.298368, 0.204433, 0.402782
24.338661, 0.205410, 0.403478
24.379021, 0.206439, 0.403764
24.419448, 0.207583, 0.403640
24.459943, 0.208914, 0.403239
24.500505, 0.210507, 0.402702
24.541134, 0.212424, 0.402125
24.581832, 0.214720, 0.401561
24.622598, 0.217423, 0.401002
24.663432, 0.220540, 0.400380
24.704335, 0.224035, 0.399619
24.745306, 0.227828, 0.398685
24.786346, 0.231802, 0.397630
24.827455, 0.235819, 0.396604
24.868633, 0.239716, 0.395825
24.909881, 0.243293, 0.395537
24.951198, 0.246319, 0.395953
24.992584, 0.248527, 0.397199
25.034041, 0.249636, 0.399263
25.075567, 0.249415, 0.401964
25.117164, 0.247733, 0.404937
25.158831, 0.244580, 0.407682
25.200568, 0.240067, 0.409664
25.242377, 0.234440, 0.410459
25.284256, 0.228113, 0.409877
25.326206, 0.221663, 0.408017
25.368228, 0.215742, 0.405205
25.410321, 0.210940, 0.401866
25.452485, 0.207640, 0.398412
25.494722, 0.205900, 0.395150
25.537030, 0.205420, 0.392275
25.579411, 0.205650, 0.389853
25.621864, 0.206031, 0.387811
25.664390, 0.206280, 0.386009
25.706988, 0.206472, 0.384383
25.749659, 0.206891, 0.382988
25.792403, 0.207781, 0.381902
25.835221, 0.209248, 0.381047
25.878112, 0.211303, 0.380100
25.921077, 0.213943, 0.378610
25.964116, 0.217160, 0.376298
26.007229, 0.220913, 0.373276
26.050416, 0.225110, 0.369993
26.093677, 0.229620, 0.366967
26.137013, 0.234329, 0.364497
26.180424, 0.239194, 0.362564
26.223910, 0.244268, 0.360943
26.267471, 0.249648, 0.359368
26.311108, 0.255441, 0.357569
26.354820, 0.261792, 0.355247
26.398608, 0.268945, 0.352113
26.442472, 0.277220, 0.348008
26.486413, 0.286873, 0.342987
26.530429, 0.297879, 0.337278
26.574522, 0.309744, 0.331207
26.618692, 0.321483, 0.325141
26.662940, 0.331886, 0.319473
26.707264, 0.339982, 0.314594
26.751665, 0.345376, 0.310872
26.796145, 0.348296, 0.308663
26.840702, 0.349384, 0.308313
26.885337, 0.349449, 0.310088
26.930050, 0.349292, 0.314092
26.974842, 0.349678, 0.320241
27.019712, 0.351284, 0.328293
27.064662, 0.354490, 0.337930
27.109690, 0.359087, 0.348871
27.154798, 0.364186, 0.360921
27.199985, 0.368482, 0.373859
27.245251, 0.370765, 0.387264
27.290598, 0.370330, 0.400440
27.336025, 0.367013, 0.412503
27.381532, 0.360970, 0.422568
27.427119, 0.352644, 0.429964
27.472788, 0.342975, 0.434303
27.518537, 0.333421, 0.435408
27.564367, 0.325524, 0.433325
27.610279, 0.320319, 0.428498
27.656272, 0.318193, 0.421747
27.702348, 0.319284, 0.413885
27.748505, 0.323908, 0.405436
27.794744, 0.332514, 0.396787
27.841067, 0.345299, 0.388412
27.887471, 0.361968, 0.380832
27.933959, 0.381905, 0.374441
27.980530, 0.404541, 0.369418
28.027184, 0.429534, 0.365781
28.073922, 0.456672, 0.363485
28.120743, 0.485762, 0.362505
28.167649, 0.516606, 0.362819
28.214639, 0.549008, 0.364358
28.261713, 0.582733, 0.367018
28.308872, 0.617465, 0.370680
28.356116, 0.652891, 0.375177
28.403446, 0.688861, 0.380272
28.450860, 0.725299, 0.385751
28.498361, 0.761820, 0.391546
28.545947, 0.797655, 0.397769
28.593619, 0.832053, 0.404603
28.641378, 0.864659, 0.412087
28.689223, 0.895470, 0.419980
28.737155, 0.924676, 0.427871
28.785174, 0.952952, 0.435358
28.833280, 0.982051, 0.442076
28.881474, 1.014605, 0.447647
28.929756, 1.052891, 0.451775
28.978126, 1.097611, 0.454472
29.026584, 1.147517, 0.456130
29.075130, 1.200101, 0.457195
29.123765, 1.253161, 0.457722
29.172489, 1.306273, 0.457348
29.221303, 1.360884, 0.455663
29.270206, 1.419132, 0.452550
29.319198, 1.482398, 0.448198
29.368281, 1.550149, 0.442931
29.417453, 1.619803, 0.437040
29.466717, 1.687704, 0.430767
29.516071, 1.749982, 0.424509
29.565515, 1.803149, 0.418903
29.615051, 1.845503, 0.414550
29.664679, 1.878332, 0.411718
29.714398, 1.904652, 0.410370
29.764209, 1.926808, 0.410439
29.814113, 1.946128, 0.411996
29.864109, 1.963616, 0.415098
29.914197, 1.979818, 0.419607
29.964379, 1.994828, 0.425200
30.014654, 2.008240, 0.431498
30.065022, 2.018077, 0.438301
30.115484, 2.021259, 0.445627
30.166041, 2.016537, 0.453309
30.216691, 2.006637, 0.460505
30.267436, 1.997428, 0.465756
30.318276, 1.995343, 0.467600
30.369211, 2.005132, 0.465159
30.420242, 2.028105, 0.458524
30.471368, 2.061189, 0.448935
30.522589, 2.098758, 0.438389
30.573908, 2.136315, 0.428687
30.625322, 2.171562, 0.420717
30.676833, 2.202745, 0.414533
30.728442, 2.228502, 0.409829
30.780147, 2.248966, 0.406216
30.831950, 2.265625, 0.403345
30.883851, 2.280160, 0.401068
30.935850, 2.293452, 0.399473
30.987947, 2.305424, 0.398616
31.040143, 2.314436, 0.398223
31.092438, 2.317099, 0.397784
31.144832, 2.310913, 0.396906
31.197326, 2.296295, 0.395343
31.249919, 2.274801, 0.392882
31.302613, 2.247422, 0.389524
31.355406, 2.215453, 0.385523
31.408301, 2.180815, 0.381091
31.461296, 2.144990, 0.376315
31.514393, 2.108993, 0.371391
31.567591, 2.074251, 0.366735
31.620891, 2.042908, 0.362767
31.674292, 2.016842, 0.359575
31.727797, 1.995914, 0.357032
31.781404, 1.977497, 0.355211
31.835114, 1.957428, 0.354472
31.888927, 1.931726, 0.355103
31.942844, 1.898577, 0.356871
31.996864, 1.858921, 0.359075
32.050989, 1.815231, 0.361150
32.105219, 1.769394, 0.362983
32.159553, 1.721867, 0.364790
32.213992, 1.672609, 0.366983
32.268536, 1.621813, 0.370164
32.323186, 1.570204, 0.375069
32.377943, 1.519086, 0.382255
32.432805, 1.469621, 0.391840
32.487774, 1.422123, 0.403628
32.542850, 1.376153, 0.417316
32.598033, 1.331355, 0.432550
32.653324, 1.288379, 0.449001
32.708723, 1.249045, 0.466315
32.764230, 1.215073, 0.483980
32.819845, 1.186859, 0.501416
32.875569, 1.163707, 0.518232
32.931403, 1.144375, 0.534356
32.987345, 1.127515, 0.550002
33.043398, 1.112110, 0.565472
33.099560, 1.097462, 0.581040
33.155833, 1.083185, 0.596981
33.212217, 1.069317, 0.613520
33.268712, 1.056362, 0.630853
33.325318, 1.044977, 0.648996
33.382036, 1.035007, 0.667644
33.438866, 1.025637, 0.686708
33.495809, 1.016898, 0.706224
33.552864, 1.009507, 0.725622
33.610032, 1.003346, 0.744126
33.667314, 0.997614, 0.761727
33.724710, 0.991901, 0.779064
33.782219, 0.986238, 0.796505
33.839843, 0.980810, 0.813649
33.897582, 0.975747, 0.829687
33.955435, 0.970744, 0.843606
34.013405, 0.965261, 0.854121
34.071490, 0.958936, 0.860408
34.129691, 0.951178, 0.863102
34.188009, 0.940568, 0.864253
34.246443, 0.925179, 0.865977
34.304995, 0.903836, 0.869374
34.363664, 0.877249, 0.875039
34.422451, 0.847347, 0.883665
34.481357, 0.815960, 0.895366
34.540381, 0.785064, 0.908910
34.599524, 0.757069, 0.922561
34.658786, 0.733605, 0.935576
34.718168, 0.714451, 0.948698
34.777670, 0.698466, 0.963680
34.837293, 0.685115, 0.982137
34.897036, 0.674657, 1.004551
34.956901, 0.667780, 1.029832
35.016887, 0.665297, 1.055734
35.076995, 0.667774, 1.078959
35.137225, 0.674972, 1.096711
35.197578, 0.685918, 1.109648
35.258054, 0.699623, 1.121409
35.318653, 0.715231, 1.136230
35.379376, 0.731857, 1.156049
35.440223, 0.748602, 1.178806
35.501195, 0.764108, 1.200898
35.562291, 0.776456, 1.219720
35.623513, 0.784698, 1.232567
35.684861, 0.790271, 1.237148
35.746334, 0.796118, 1.233733
35.807935, 0.804999, 1.225304
35.869661, 0.818715, 1.216812
35.931516, 0.837915, 1.213292
35.993498, 0.861301, 1.218417
36.055607, 0.884864, 1.233024
36.117846, 0.902796, 1.252687
36.180213, 0.910109, 1.268375
36.242709, 0.905149, 1.271965
36.305335, 0.890027, 1.261864
36.368091, 0.868294, 1.244004
36.430978, 0.842155, 1.225444
36.493995, 0.812718, 1.208526
36.557144, 0.781462, 1.193170
36.620424, 0.749755, 1.179506
36.683836, 0.718415, 1.165496
36.747381, 0.688325, 1.147134
36.811059, 0.660184, 1.122679
36.874870, 0.634026, 1.093134
36.938815, 0.609345, 1.059681
37.002894, 0.585456, 1.022009
37.067107, 0.562099, 0.978810
37.131456, 0.539517, 0.930106
37.195940, 0.518085, 0.877880
37.260560, 0.498198, 0.825172
37.325316, 0.480387, 0.775044
37.390209, 0.465031, 0.730025
37.455239, 0.451498, 0.691141
37.520407, 0.438433, 0.657102
37.585712, 0.425030, 0.625632
37.651157, 0.411255, 0.595250
37.716740, 0.397562, 0.566123
37.782462, 0.384836, 0.539690
37.848324, 0.374273, 0.517120
37.914327, 0.366869, 0.498821
37.980470, 0.362658, 0.484858
38.046754, 0.360793, 0.475094
38.113180, 0.360616, 0.469687
38.179748, 0.362392, 0.468962
38.246459, 0.367156, 0.472676
38.313313, 0.376427, 0.480207
38.380309, 0.392036, 0.490636
38.447450, 0.415112, 0.502557
38.514735, 0.444790, 0.514669
38.582165, 0.477889, 0.526566
38.649741, 0.509884, 0.538097
38.717462, 0.537140, 0.548415
38.785329, 0.558651, 0.556639
38.853343, 0.575387, 0.563427
38.921504, 0.588800, 0.570627
38.989813, 0.599936, 0.579064
39.058270, 0.609023, 0.587736
39.126876, 0.615696, 0.595509
39.195630, 0.619663, 0.602587
39.264535, 0.620900, 0.610269
39.333589, 0.619174, 0.619363
39.402794, 0.614581, 0.628723
39.472150, 0.608595, 0.636005
39.541658, 0.603773, 0.640212
39.611317, 0.602149, 0.642432
39.681129, 0.604196, 0.644355
39.751095, 0.609150, 0.647230
39.821214, 0.615697, 0.651556
39.891486, 0.622424, 0.657640
39.961914, 0.627636, 0.664962
40.032496, 0.630183, 0.671451
40.103235, 0.630807, 0.675670
40.174129, 0.631267, 0.678380
40.245180, 0.632725, 0.681061
40.316388, 0.635576, 0.684137
40.387754, 0.639824, 0.686771
40.459278, 0.645595, 0.688058
40.530960, 0.653160, 0.688637
40.602802, 0.661815, 0.690566
40.674804, 0.669781, 0.695144
40.746966, 0.675258, 0.702167
40.819289, 0.677211, 0.711281
40.891773, 0.675954, 0.722526
40.964420, 0.672369, 0.735621
41.037228, 0.666389, 0.749759
41.110200, 0.656624, 0.763924
41.183335, 0.641316, 0.776636
41.256635, 0.620005, 0.785570
41.330099, 0.594420, 0.787784
41.403728, 0.568394, 0.782666
41.477524, 0.545653, 0.774308
41.551485, 0.527028, 0.768086
41.625614, 0.510928, 0.767257
41.699909, 0.496102, 0.773394
41.774373, 0.482198, 0.786530
41.849006, 0.468473, 0.803092
41.923808, 0.454465, 0.817101
41.998779, 0.441121, 0.824846
42.073921, 0.429590, 0.826446
42.149234, 0.419680, 0.822634
42.224718, 0.410800, 0.812745
42.300375, 0.403201, 0.797106
42.376204, 0.397382, 0.777883
42.452206, 0.393777, 0.757234
42.528383, 0.392516, 0.737037
42.604733, 0.393057, 0.719750
42.681259, 0.394523, 0.706441
42.757961, 0.396547, 0.696134
42.834838, 0.399007, 0.687241
42.911893, 0.401773, 0.679026
42.989125, 0.405006, 0.672742
43.066536, 0.408439, 0.669551
43.144125, 0.410511, 0.668108
43.221893, 0.409927, 0.666095
43.299841, 0.407856, 0.663911
43.377970, 0.405816, 0.664121
43.456281, 0.403648, 0.667560
43.534773, 0.401254, 0.672309
43.613447, 0.399386, 0.675821
43.692305, 0.398397, 0.675729
43.771346, 0.398014, 0.670494
43.850572, 0.397296, 0.661798
43.929983, 0.395378, 0.653052
44.009580, 0.392066, 0.645552
44.089363, 0.387317, 0.637756
44.169333, 0.381471, 0.627975
44.249490, 0.374780, 0.615944
44.329836, 0.367651, 0.601851
44.410371, 0.361312, 0.587210
44.491096, 0.356288, 0.574704
44.572011, 0.351401, 0.564818
44.653117, 0.345757, 0.555793
44.734415, 0.339599, 0.545977
44.815905, 0.333462, 0.533963
44.897588, 0.328109, 0.519682
44.979465, 0.324328, 0.505090
45.061537, 0.322566, 0.491854
45.143803, 0.322710, 0.480134
45.226265, 0.324182, 0.469628
45.308924, 0.326579, 0.460404
45.391780, 0.330583, 0.453079
45.474834, 0.336899, 0.448330
45.558087, 0.344283, 0.445830
45.641539, 0.350598, 0.443769
45.725191, 0.355418, 0.440589
45.809044, 0.359843, 0.436430
45.893098, 0.364705, 0.432331
45.977355, 0.369930, 0.429535
46.061814, 0.374601, 0.429399
46.146477, 0.376504, 0.432201
46.231345, 0.373141, 0.436118
46.316418, 0.363893, 0.438781
46.401697, 0.350400, 0.438825
46.487183, 0.334995, 0.435555
46.572876, 0.319327, 0.428580
46.658777, 0.304754, 0.418316
46.744887, 0.292813, 0.406850
46.831207, 0.283816, 0.396798
46.917737, 0.276136, 0.388509
47.004479, 0.268211, 0.379655
47.091432, 0.260787, 0.369314
47.178599, 0.255029, 0.359576
47.265979, 0.250458, 0.351651
47.353573, 0.246265, 0.345163
47.441382, 0.242086, 0.339649
47.529408, 0.237472, 0.334228
47.617650, 0.232217, 0.328126
47.706110, 0.226577, 0.321128
47.794788, 0.220966, 0.312862
47.883685, 0.215923, 0.303546
47.972803, 0.211600, 0.293890
48.062141, 0.207832, 0.284471
48.151701, 0.204444, 0.275840
48.241483, 0.201749, 0.268687
48.331488, 0.200175, 0.263143
48.421718, 0.199523, 0.258694
48.512172, 0.199512, 0.255512
48.602853, 0.199672, 0.253925
48.693760, 0.199418, 0.253256
48.784894, 0.198516, 0.252416
48.876257, 0.197081, 0.250891
48.967849, 0.195496, 0.249032
49.059671, 0.194182, 0.247526
49.151724, 0.193127, 0.246514
49.244009, 0.192150, 0.245837
49.336526, 0.191255, 0.245566
49.429277, 0.190702, 0.245608
49.522263, 0.191027, 0.245429
49.615484, 0.192400, 0.244486
49.708941, 0.194116, 0.243204
49.802635, 0.195234, 0.242416
49.896568, 0.195476, 0.242239
49.990739, 0.195090, 0.242771
50.085150, 0.193886, 0.244057
50.179802, 0.191542, 0.245458
50.274695, 0.188368, 0.246122
50.369832, 0.185019, 0.245222
50.465211, 0.181989, 0.242162
50.560836, 0.179374, 0.237126
50.656705, 0.177123, 0.230834
50.752821, 0.176150, 0.224523
50.849185, 0.177328, 0.219595
50.945796, 0.180308, 0.216759
51.042657, 0.184426, 0.216063
51.139769, 0.189162, 0.217273
51.237131, 0.194077, 0.220093
51.334745, 0.198809, 0.224243
51.432613, 0.203330, 0.229509
51.530735, 0.207645, 0.236218
51.629112, 0.210548, 0.244534
51.727745, 0.210289, 0.252989
51.826635, 0.206410, 0.258828
51.925783, 0.200268, 0.259533
52.025191, 0.194466, 0.255220
52.124858, 0.190400, 0.248713
52.224787, 0.187270, 0.242070
52.324978, 0.183582, 0.235531
52.425432, 0.179123, 0.229463
52.526151, 0.174393, 0.224156
52.627135, 0.170332, 0.219715
52.728385, 0.167782, 0.216785
52.829903, 0.166609, 0.215517
52.931689, 0.166622, 0.215872
53.033744, 0.167764, 0.217395
53.136071, 0.169571, 0.218635
53.238669, 0.171481, 0.218802
53.341539, 0.173278, 0.218227
53.444684, 0.174755, 0.217226
53.548104, 0.176315, 0.216313
53.651799, 0.179073, 0.216405
53.755772, 0.183230, 0.218078
53.860024, 0.187349, 0.220672
53.964554, 0.189691, 0.222891
54.069365, 0.189502, 0.224048
54.174458, 0.187230, 0.223961
54.279834, 0.184319, 0.222643
54.385493, 0.181555, 0.220607
54.491438, 0.178727, 0.218022
54.597669, 0.176152, 0.215547
54.704187, 0.174234, 0.214276
54.810994, 0.172992, 0.214652
54.918091, 0.172231, 0.216649
55.025479, 0.171661, 0.220222
55.133158, 0.170914, 0.224637
55.241131, 0.170090, 0.228583
55.349399, 0.169264, 0.231485
55.457962, 0.167919, 0.233407
55.566823, 0.165801, 0.234248
55.675981, 0.162826, 0.233700
55.785439, 0.158183, 0.230887
55.895197, 0.151696, 0.224258
56.005257, 0.145461, 0.215112
56.115621, 0.141343, 0.207054
56.226289, 0.138848, 0.201771
56.337262, 0.136413, 0.198045
56.448542, 0.133733, 0.194378
56.560131, 0.131381, 0.190775
56.672029, 0.129631, 0.187925
56.784237, 0.127977, 0.185492
56.896758, 0.126252, 0.182799
57.009592, 0.124507, 0.180019
57.122740, 0.122645, 0.177101
57.236205, 0.121408, 0.174469
57.349987, 0.121661, 0.173238
57.464087, 0.122935, 0.173242
57.578508, 0.124517, 0.173333
57.693250, 0.127048, 0.174049
57.808314, 0.130877, 0.176297
57.923703, 0.135288, 0.179821
58.039416, 0.138892, 0.183178
58.155457, 0.141162, 0.185648
58.271826, 0.142418, 0.187758
58.388524, 0.143168, 0.190285
58.505553, 0.143070, 0.192740
58.622915, 0.142392, 0.193913
58.740611, 0.142697, 0.194547
58.858641, 0.145340, 0.197276
58.977009, 0.149224, 0.202720
59.095714, 0.152241, 0.208692
59.214759, 0.154584, 0.214682
59.334145, 0.157262, 0.222137
59.453873, 0.159612, 0.231309
59.573946, 0.160291, 0.240915
59.694364, 0.158334, 0.248461
59.815128, 0.154185, 0.251547
59.936241, 0.149415, 0.250414
60.057704, 0.145419, 0.247961
60.179519, 0.142334, 0.246952
60.301686, 0.139279, 0.247821
60.424208, 0.136425, 0.250789
60.547086, 0.133975, 0.256671
60.670322, 0.131052, 0.263904
60.793917, 0.127133, 0.270043
60.917873, 0.122056, 0.274430
61.042191, 0.115607, 0.275982
61.166872, 0.108000, 0.275080
61.291920, 0.099430, 0.272856
61.417334, 0.090695, 0.267911
61.543117, 0.082618, 0.257846
61.669271, 0.075569, 0.240059
61.795797, 0.070356, 0.218484
61.922696, 0.067144, 0.200565
62.049971, 0.065104, 0.186897
62.177622, 0.063575, 0.176043
62.305653, 0.061668, 0.167044
62.434063, 0.058650, 0.156369
62.562856, 0.054925, 0.141056
62.692032, 0.051019, 0.121879
62.821594, 0.047700, 0.103268
62.951543, 0.045260, 0.088280
63.081882, 0.043461, 0.077061
63.212610, 0.042232, 0.068774
63.343732, 0.041469, 0.062607
63.475247, 0.040992, 0.058099
63.607159, 0.040552, 0.054779
63.739468, 0.039304, 0.051388
63.872177, 0.036281, 0.046492
64.005287, 0.032363, 0.040797
64.138800, 0.029410, 0.036455
64.272719, 0.027999, 0.034220
64.407044, 0.027405, 0.033112
64.541779, 0.027010, 0.032152
64.676924, 0.026583, 0.031183
64.812481, 0.026011, 0.030311
64.948453, 0.025102, 0.029263
65.084841, 0.024030, 0.028007
65.221647, 0.023101, 0.026801
65.358874, 0.022388, 0.025815
65.496523, 0.021892, 0.025109
65.634595, 0.021500, 0.024483
65.773094, 0.021162, 0.023856
65.912021, 0.021068, 0.023500
66.051377, 0.021328, 0.023603
66.191166, 0.021685, 0.023932
66.331388, 0.021935, 0.024157
66.472047, 0.022131, 0.024290
66.613144, 0.022128, 0.024230
66.754680, 0.021696, 0.023681
66.896659, 0.021063, 0.022836
67.039082, 0.020666, 0.022200
67.181952, 0.020613, 0.021896
67.325270, 0.020770, 0.021829
67.469038, 0.021130, 0.022067
67.613259, 0.021572, 0.022411
67.757935, 0.021998, 0.022758
67.903068, 0.022133, 0.022861
68.048660, 0.022164, 0.022903
68.194713, 0.022083, 0.022980
68.341230, 0.021943, 0.023175
68.488212, 0.022121, 0.023677
68.635663, 0.022536, 0.024372
68.783583, 0.022980, 0.025071
68.931976, 0.023098, 0.025392
69.080844, 0.022697, 0.025051
69.230189, 0.022023, 0.024285
69.380013, 0.021462, 0.023510
69.530318, 0.020833, 0.022568
69.681108, 0.019938, 0.021289
69.832383, 0.019139, 0.020135
69.984148, 0.018519, 0.019344
70.136403, 0.017937, 0.018707
70.289152, 0.017542, 0.018367
70.442396, 0.017305, 0.018300
70.596139, 0.017276, 0.018486
70.750382, 0.017398, 0.018835
70.905128, 0.017594, 0.019231
71.060380, 0.017867, 0.019647
71.216140, 0.018143, 0.019981
71.372410, 0.018048, 0.019883
71.529194, 0.017278, 0.019018
71.686492, 0.016284, 0.017840
71.844309, 0.015641, 0.017053
72.002647, 0.015470, 0.016902
72.161508, 0.015711, 0.017266
72.320895, 0.016188, 0.017886
72.480810, 0.016802, 0.018645
72.641256, 0.017491, 0.019515
72.802236, 0.017831, 0.020002
72.963753, 0.017652, 0.019870
73.125808, 0.017435, 0.019695
73.288406, 0.017025, 0.019286
73.451548, 0.016359, 0.018534
73.615237, 0.015989, 0.018096
73.779476, 0.015753, 0.017816
73.944268, 0.015321, 0.017341
74.109615, 0.014933, 0.016935
74.275521, 0.014546, 0.016486
74.441989, 0.014027, 0.015810
74.609020, 0.013377, 0.014969
74.776618, 0.012889, 0.014342
74.944786, 0.012659, 0.014005
75.113527, 0.012701, 0.013974
75.282844, 0.012971, 0.014228
75.452739, 0.013451, 0.014774
75.623216, 0.013965, 0.015435
75.794277, 0.014495, 0.016119
75.965926, 0.014894, 0.016623
76.138166, 0.014438, 0.016190
76.310999, 0.013511, 0.015207
76.484429, 0.012879, 0.014515
76.658460, 0.012395, 0.013963
76.833093, 0.011807, 0.013258
77.008332, 0.011252, 0.012595
77.184180, 0.010705, 0.011966
77.360642, 0.010197, 0.011418
77.537718, 0.009948, 0.011147
77.715414, 0.009809, 0.010950
77.893732, 0.009823, 0.010873
78.072675, 0.010038, 0.010975
78.252247, 0.010508, 0.011365
78.432451, 0.010921, 0.011721
78.613290, 0.011189, 0.011840
78.794769, 0.011573, 0.011936
78.976889, 0.012219, 0.012179
79.159655, 0.012910, 0.012492
79.343070, 0.013087, 0.012548
79.527137, 0.012858, 0.012425
79.711861, 0.011940, 0.011816
79.897244, 0.009950, 0.010111
80.083289, 0.007946, 0.008146
80.270002, 0.006611, 0.006749
80.457385, 0.005730, 0.005789
80.645441, 0.005130, 0.005104
80.834175, 0.004792, 0.004683
81.023590, 0.004666, 0.004493
81.213689, 0.004613, 0.004413
81.404478, 0.004548, 0.004357
81.595958, 0.004329, 0.004177
81.788134, 0.003937, 0.003840
81.981011, 0.003509, 0.003452
82.174591, 0.003277, 0.003239
82.368878, 0.003140, 0.003111
82.563877, 0.003045, 0.003019
82.759591, 0.002967, 0.002940
82.956025, 0.002903, 0.002864
83.153181, 0.002852, 0.002803
83.351065, 0.002818, 0.002757
83.549680, 0.002887, 0.002809
83.749031, 0.002962, 0.002871
83.949120, 0.002957, 0.002860
84.149954, 0.002932, 0.002836
84.351535, 0.002877, 0.002784
84.553868, 0.002869, 0.002775
84.756957, 0.002899, 0.002798
84.960806, 0.003066, 0.002949
85.165420, 0.003323, 0.003197
85.370803, 0.003544, 0.003432
85.576959, 0.003469, 0.003409
85.783893, 0.003196, 0.003184
85.991609, 0.002861, 0.002872
86.200111, 0.002381, 0.002388
86.409404, 0.001981, 0.001968
86.619493, 0.001873, 0.001842
86.830382, 0.001915, 0.001871
87.042075, 0.001971, 0.001921
87.254578, 0.001989, 0.001940
87.467894, 0.001991, 0.001944
87.682029, 0.002006, 0.001954
87.896987, 0.002101, 0.002037
88.112773, 0.002233, 0.002161
88.329392, 0.002389, 0.002307
88.546849, 0.002690, 0.002591
88.765148, 0.002820, 0.002730
88.984295, 0.002635, 0.002562
89.204294, 0.002472, 0.002391
89.425150, 0.002399, 0.002300
89.646869, 0.002352, 0.002240
89.869455, 0.002265, 0.002155
90.092913, 0.002214, 0.002114
90.317250, 0.002125, 0.002044
90.542469, 0.001994, 0.001933
90.768576, 0.001950, 0.001895
90.995576, 0.002011, 0.001957
91.223475, 0.002083, 0.002031
91.452278, 0.002120, 0.002068
91.681991, 0.002261, 0.002199
91.912618, 0.002366, 0.002298
92.144166, 0.002226, 0.002165
92.376639, 0.002072, 0.002010
92.610043, 0.002023, 0.001961
92.844385, 0.001986, 0.001928
93.079669, 0.001954, 0.001900
93.315902, 0.001999, 0.001943
93.553089, 0.002019, 0.001966
93.791235, 0.002080, 0.002034
94.030347, 0.002104, 0.002073
94.270431, 0.002159, 0.002140
94.511492, 0.002192, 0.002182
94.753537, 0.002117, 0.002118
94.996571, 0.001876, 0.001884
95.240601, 0.001689, 0.001694
95.485633, 0.001632, 0.001634
95.731672, 0.001608, 0.001611
95.978726, 0.001536, 0.001544
96.226800, 0.001345, 0.001360
96.475901, 0.001057, 0.001078
96.726035, 0.000766, 0.000789
96.977209, 0.000579, 0.000602
97.229429, 0.000487, 0.000511
97.482701, 0.000444, 0.000468
