# energy, eels_NLFC_w, eels_LFC_w
0.000000, -0.000000, 0.000000
0.010004, 0.000006, 0.000006
0.020017, 0.000012, 0.000012
0.030037, 0.000018, 0.000019
0.040066, 0.000024, 0.000025
0.050104, 0.000030, 0.000031
0.060149, 0.000037, 0.000037
0.070204, 0.000043, 0.000044
0.080266, 0.000049, 0.000050
0.090337, 0.000055, 0.000056
0.100416, 0.000061, 0.000062
0.110503, 0.000067, 0.000069
0.120599, 0.000073, 0.000075
0.130704, 0.000079, 0.000081
0.140817, 0.000085, 0.000087
0.150938, 0.000092, 0.000094
0.161067, 0.000098, 0.000100
0.171206, 0.000104, 0.000106
0.181352, 0.000110, 0.000112
0.191507, 0.000116, 0.000119
0.201671, 0.000122, 0.000125
0.211843, 0.000129, 0.000131
0.222023, 0.000135, 0.000138
0.232212, 0.000141, 0.000144
0.242410, 0.000147, 0.000150
0.252616, 0.000153, 0.000157
0.262831, 0.000160, 0.000163
0.273054, 0.000166, 0.000169
0.283286, 0.000172, 0.000176
0.293526, 0.000178, 0.000182
0.303775, 0.000185, 0.000189
0.314032, 0.000191, 0.000195
0.324299, 0.000197, 0.000201
0.334573, 0.000203, 0.000208
0.344857, 0.000210, 0.000214
0.355149, 0.000216, 0.000220
0.365449, 0.000222, 0.000227
0.375759, 0.000228, 0.000233
0.386077, 0.000235, 0.000240
0.396404, 0.000241, 0.000246
0.406739, 0.000247, 0.000253
0.417083, 0.000254, 0.000259
0.427436, 0.000260, 0.000266
0.437798, 0.000266, 0.000272
0.448168, 0.000273, 0.000278
0.458547, 0.000279, 0.000285
0.468935, 0.000285, 0.000291
0.479332, 0.000292, 0.000298
0.489737, 0.000298, 0.000304
0.500151, 0.000304, 0.000311
0.510574, 0.000311, 0.000317
0.521006, 0.000317, 0.000324
0.531447, 0.000324, 0.000331
0.541896, 0.000330, 0.000337
0.552355, 0.000336, 0.000344
0.562822, 0.000343, 0.000350
0.573298, 0.000349, 0.000357
0.583783, 0.000356, 0.000363
0.594277, 0.000362, 0.000370
0.604780, 0.000369, 0.000376
0.615292, 0.000375, 0.000383
0.625812, 0.000382, 0.000390
0.636342, 0.000388, 0.000396
0.646881, 0.000395, 0.000403
0.657428, 0.000401, 0.000410
0.667985, 0.000408, 0.000416
0.678550, 0.000414, 0.000423
0.689125, 0.000421, 0.000430
0.699708, 0.000427, 0.000436
0.710301, 0.000434, 0.000443
0.720903, 0.000440, 0.000450
0.731513, 0.000447, 0.000456
0.742133, 0.000453, 0.000463
0.752762, 0.000460, 0.000470
0.763400, 0.000466, 0.000476
0.774047, 0.000473, 0.000483
0.784703, 0.000480, 0.000490
0.795368, 0.000486, 0.000497
0.806042, 0.000493, 0.000503
0.816726, 0.000500, 0.000510
0.827418, 0.000506, 0.000517
0.838120, 0.000513, 0.000524
0.848831, 0.000519, 0.000531
0.859551, 0.000526, 0.000537
0.870280, 0.000533, 0.000544
0.881019, 0.000540, 0.000551
0.891767, 0.000546, 0.000558
0.902524, 0.000553, 0.000565
0.913290, 0.000560, 0.000572
0.924066, 0.000566, 0.000579
0.934850, 0.000573, 0.000585
0.945645, 0.000580, 0.000592
0.956448, 0.000587, 0.000599
0.967261, 0.000593, 0.000606
0.978083, 0.000600, 0.000613
0.988914, 0.000607, 0.000620
0.999755, 0.000614, 0.000627
1.010605, 0.000621, 0.000634
1.021464, 0.000627, 0.000641
1.032333, 0.000634, 0.000648
1.043211, 0.000641, 0.000655
1.054099, 0.000648, 0.000662
1.064996, 0.000655, 0.000669
1.075902, 0.000662, 0.000676
1.086818, 0.000669, 0.000683
1.097744, 0.000676, 0.000690
1.108678, 0.000682, 0.000697
1.119623, 0.000689, 0.000704
1.130576, 0.000696, 0.000711
1.141540, 0.000703, 0.000719
1.152512, 0.000710, 0.000726
1.163495, 0.000717, 0.000733
1.174487, 0.000724, 0.000740
1.185488, 0.000731, 0.000747
1.196499, 0.000738, 0.000754
1.207520, 0.000745, 0.000762
1.218550, 0.000752, 0.000769
1.229590, 0.000759, 0.000776
1.240639, 0.000766, 0.000783
1.251698, 0.000774, 0.000790
1.262767, 0.000781, 0.000798
1.273845, 0.000788, 0.000805
1.284933, 0.000795, 0.000812
1.296031, 0.000802, 0.000819
1.307138, 0.000809, 0.000827
1.318255, 0.000816, 0.000834
1.329382, 0.000823, 0.000841
1.340518, 0.000831, 0.000849
1.351664, 0.000838, 0.000856
1.362820, 0.000845, 0.000864
1.373986, 0.000852, 0.000871
1.385162, 0.000860, 0.000878
1.396347, 0.000867, 0.000886
1.407542, 0.000874, 0.000893
1.418747, 0.000881, 0.000901
1.429962, 0.000889, 0.000908
1.441186, 0.000896, 0.000916
1.452421, 0.000903, 0.000923
1.463665, 0.000911, 0.000931
1.474920, 0.000918, 0.000938
1.486184, 0.000925, 0.000946
1.497458, 0.000933, 0.000953
1.508742, 0.000940, 0.000961
1.520036, 0.000948, 0.000968
1.531339, 0.000955, 0.000976
1.542653, 0.000962, 0.000984
1.553977, 0.000970, 0.000991
1.565311, 0.000977, 0.000999
1.576655, 0.000985, 0.001007
1.588008, 0.000992, 0.001014
1.599372, 0.001000, 0.001022
1.610746, 0.001007, 0.001030
1.622130, 0.001015, 0.001038
1.633524, 0.001023, 0.001045
1.644928, 0.001030, 0.001053
1.656342, 0.001038, 0.001061
1.667767, 0.001045, 0.001069
1.679201, 0.001053, 0.001076
1.690646, 0.001061, 0.001084
1.702100, 0.001068, 0.001092
1.713565, 0.001076, 0.001100
1.725040, 0.001084, 0.001108
1.736525, 0.001092, 0.001116
1.748021, 0.001099, 0.001124
1.759526, 0.001107, 0.001132
1.771042, 0.001115, 0.001140
1.782568, 0.001123, 0.001148
1.794105, 0.001130, 0.001156
1.805651, 0.001138, 0.001164
1.817208, 0.001146, 0.001172
1.828776, 0.001154, 0.001180
1.840353, 0.001162, 0.001188
1.851941, 0.001170, 0.001196
1.863539, 0.001178, 0.001204
1.875148, 0.001186, 0.001212
1.886767, 0.001194, 0.001220
1.898396, 0.001202, 0.001229
1.910036, 0.001210, 0.001237
1.921686, 0.001218, 0.001245
1.933346, 0.001226, 0.001253
1.945017, 0.001234, 0.001262
1.956699, 0.001242, 0.001270
1.968391, 0.001250, 0.001278
1.980093, 0.001258, 0.001287
1.991806, 0.001266, 0.001295
2.003529, 0.001274, 0.001303
2.015263, 0.001283, 0.001312
2.027008, 0.001291, 0.001320
2.038763, 0.001299, 0.001329
2.050528, 0.001307, 0.001337
2.062305, 0.001316, 0.001345
2.074091, 0.001324, 0.001354
2.085889, 0.001332, 0.001363
2.097697, 0.001341, 0.001371
2.109515, 0.001349, 0.001380
2.121344, 0.001357, 0.001388
2.133184, 0.001366, 0.001397
2.145035, 0.001374, 0.001406
2.156896, 0.001383, 0.001414
2.168768, 0.001391, 0.001423
2.180651, 0.001400, 0.001432
2.192545, 0.001408, 0.001440
2.204449, 0.001417, 0.001449
2.216364, 0.001425, 0.001458
2.228289, 0.001434, 0.001467
2.240226, 0.001442, 0.001476
2.252173, 0.001451, 0.001484
2.264132, 0.001460, 0.001493
2.276101, 0.001468, 0.001502
2.288081, 0.001477, 0.001511
2.300071, 0.001486, 0.001520
2.312073, 0.001495, 0.001529
2.324086, 0.001504, 0.001538
2.336109, 0.001512, 0.001547
2.348143, 0.001521, 0.001556
2.360189, 0.001530, 0.001565
2.372245, 0.001539, 0.001574
2.384312, 0.001548, 0.001584
2.396391, 0.001557, 0.001593
2.408480, 0.001566, 0.001602
2.420580, 0.001575, 0.001611
2.432691, 0.001584, 0.001621
2.444814, 0.001593, 0.001630
2.456947, 0.001602, 0.001639
2.469092, 0.001611, 0.001649
2.481247, 0.001620, 0.001658
2.493414, 0.001629, 0.001667
2.505592, 0.001639, 0.001677
2.517781, 0.001648, 0.001686
2.529981, 0.001657, 0.001696
2.542192, 0.001666, 0.001705
2.554415, 0.001676, 0.001715
2.566649, 0.001685, 0.001724
2.578894, 0.001694, 0.001734
2.591150, 0.001704, 0.001744
2.603417, 0.001713, 0.001753
2.615696, 0.001723, 0.001763
2.627986, 0.001732, 0.001773
2.640287, 0.001742, 0.001783
2.652600, 0.001751, 0.001792
2.664923, 0.001761, 0.001802
2.677259, 0.001770, 0.001812
2.689605, 0.001780, 0.001822
2.701963, 0.001790, 0.001832
2.714332, 0.001799, 0.001842
2.726713, 0.001809, 0.001852
2.739105, 0.001819, 0.001862
2.751509, 0.001829, 0.001872
2.763924, 0.001839, 0.001882
2.776351, 0.001848, 0.001892
2.788789, 0.001858, 0.001903
2.801238, 0.001868, 0.001913
2.813699, 0.001878, 0.001923
2.826172, 0.001888, 0.001933
2.838656, 0.001898, 0.001944
2.851151, 0.001908, 0.001954
2.863659, 0.001919, 0.001965
2.876177, 0.001929, 0.001975
2.888708, 0.001939, 0.001985
2.901250, 0.001949, 0.001996
2.913804, 0.001959, 0.002007
2.926369, 0.001970, 0.002017
2.938946, 0.001980, 0.002028
2.951535, 0.001990, 0.002038
2.964135, 0.002001, 0.002049
2.976747, 0.002011, 0.002060
2.989371, 0.002022, 0.002071
3.002007, 0.002032, 0.002082
3.014654, 0.002043, 0.002092
3.027314, 0.002054, 0.002103
3.039985, 0.002064, 0.002114
3.052668, 0.002075, 0.002125
3.065362, 0.002086, 0.002136
3.078069, 0.002096, 0.002147
3.090787, 0.002107, 0.002159
3.103518, 0.002118, 0.002170
3.116260, 0.002129, 0.002181
3.129014, 0.002140, 0.002192
3.141780, 0.002151, 0.002204
3.154558, 0.002162, 0.002215
3.167348, 0.002173, 0.002226
3.180150, 0.002184, 0.002238
3.192965, 0.002195, 0.002249
3.205791, 0.002207, 0.002261
3.218629, 0.002218, 0.002272
3.231479, 0.002229, 0.002284
3.244341, 0.002240, 0.002296
3.257215, 0.002252, 0.002307
3.270102, 0.002263, 0.002319
3.283001, 0.002275, 0.002331
3.295911, 0.002286, 0.002343
3.308834, 0.002298, 0.002355
3.321769, 0.002309, 0.002367
3.334716, 0.002321, 0.002379
3.347676, 0.002333, 0.002391
3.360648, 0.002345, 0.002403
3.373632, 0.002356, 0.002415
3.386628, 0.002368, 0.002428
3.399636, 0.002380, 0.002440
3.412657, 0.002392, 0.002452
3.425690, 0.002404, 0.002465
3.438736, 0.002416, 0.002477
3.451793, 0.002429, 0.002490
3.464864, 0.002441, 0.002502
3.477946, 0.002453, 0.002515
3.491041, 0.002465, 0.002527
3.504149, 0.002478, 0.002540
3.517268, 0.002490, 0.002553
3.530401, 0.002502, 0.002566
3.543545, 0.002515, 0.002579
3.556703, 0.002528, 0.002592
3.569872, 0.002540, 0.002605
3.583055, 0.002553, 0.002618
3.596250, 0.002566, 0.002631
3.609457, 0.002578, 0.002644
3.622677, 0.002591, 0.002657
3.635910, 0.002604, 0.002671
3.649155, 0.002617, 0.002684
3.662413, 0.002630, 0.002698
3.675683, 0.002643, 0.002711
3.688966, 0.002657, 0.002725
3.702262, 0.002670, 0.002738
3.715571, 0.002683, 0.002752
3.728892, 0.002697, 0.002766
3.742226, 0.002710, 0.002780
3.755573, 0.002723, 0.002794
3.768933, 0.002737, 0.002808
3.782305, 0.002751, 0.002822
3.795690, 0.002764, 0.002836
3.809088, 0.002778, 0.002850
3.822499, 0.002792, 0.002864
3.835923, 0.002806, 0.002879
3.849360, 0.002820, 0.002893
3.862809, 0.002834, 0.002908
3.876272, 0.002848, 0.002922
3.889747, 0.002862, 0.002937
3.903236, 0.002876, 0.002952
3.916737, 0.002891, 0.002967
3.930252, 0.002905, 0.002981
3.943779, 0.002920, 0.002996
3.957320, 0.002934, 0.003011
3.970873, 0.002949, 0.003027
3.984440, 0.002964, 0.003042
3.998020, 0.002978, 0.003057
4.011613, 0.002993, 0.003072
4.025219, 0.003008, 0.003088
4.038838, 0.003023, 0.003103
4.052470, 0.003038, 0.003119
4.066116, 0.003054, 0.003135
4.079774, 0.003069, 0.003151
4.093446, 0.003084, 0.003167
4.107132, 0.003100, 0.003183
4.120830, 0.003115, 0.003199
4.134542, 0.003131, 0.003215
4.148267, 0.003147, 0.003231
4.162005, 0.003163, 0.003247
4.175757, 0.003179, 0.003264
4.189522, 0.003195, 0.003280
4.203301, 0.003211, 0.003297
4.217093, 0.003227, 0.003314
4.230898, 0.003243, 0.003331
4.244717, 0.003259, 0.003348
4.258550, 0.003276, 0.003365
4.272395, 0.003292, 0.003382
4.286255, 0.003309, 0.003399
4.300127, 0.003326, 0.003416
4.314014, 0.003343, 0.003434
4.327914, 0.003360, 0.003451
4.341827, 0.003377, 0.003469
4.355754, 0.003394, 0.003487
4.369695, 0.003411, 0.003505
4.383650, 0.003429, 0.003523
4.397618, 0.003446, 0.003541
4.411599, 0.003464, 0.003559
4.425595, 0.003482, 0.003577
4.439604, 0.003499, 0.003596
4.453627, 0.003517, 0.003614
4.467664, 0.003535, 0.003633
4.481714, 0.003554, 0.003652
4.495779, 0.003572, 0.003671
4.509857, 0.003590, 0.003690
4.523949, 0.003609, 0.003709
4.538054, 0.003628, 0.003729
4.552174, 0.003646, 0.003748
4.566308, 0.003665, 0.003768
4.580455, 0.003684, 0.003787
4.594617, 0.003704, 0.003807
4.608792, 0.003723, 0.003827
4.622982, 0.003742, 0.003847
4.637185, 0.003762, 0.003868
4.651403, 0.003782, 0.003888
4.665635, 0.003802, 0.003909
4.679880, 0.003822, 0.003929
4.694140, 0.003842, 0.003950
4.708414, 0.003862, 0.003971
4.722702, 0.003882, 0.003992
4.737004, 0.003903, 0.004014
4.751320, 0.003924, 0.004035
4.765651, 0.003945, 0.004057
4.779996, 0.003966, 0.004079
4.794355, 0.003987, 0.004101
4.808728, 0.004008, 0.004123
4.823116, 0.004030, 0.004145
4.837517, 0.004051, 0.004167
4.851934, 0.004073, 0.004190
4.866364, 0.004095, 0.004213
4.880809, 0.004117, 0.004236
4.895268, 0.004140, 0.004259
4.909742, 0.004162, 0.004282
4.924230, 0.004185, 0.004306
4.938733, 0.004208, 0.004330
4.953250, 0.004231, 0.004353
4.967782, 0.004254, 0.004378
4.982328, 0.004277, 0.004402
4.996889, 0.004301, 0.004426
5.011464, 0.004325, 0.004451
5.026054, 0.004349, 0.004476
5.040658, 0.004373, 0.004501
5.055277, 0.004397, 0.004526
5.069911, 0.004422, 0.004552
5.084559, 0.004447, 0.004578
5.099222, 0.004472, 0.004604
5.113900, 0.004497, 0.004630
5.128593, 0.004523, 0.004656
5.143300, 0.004548, 0.004683
5.158022, 0.004574, 0.004710
5.172759, 0.004600, 0.004737
5.187511, 0.004627, 0.004765
5.202277, 0.004653, 0.004792
5.217059, 0.004680, 0.004820
5.231855, 0.004708, 0.004848
5.246667, 0.004735, 0.004877
5.261493, 0.004763, 0.004905
5.276334, 0.004790, 0.004934
5.291190, 0.004819, 0.004964
5.306062, 0.004847, 0.004993
5.320948, 0.004876, 0.005023
5.335849, 0.004905, 0.005053
5.350766, 0.004934, 0.005083
5.365697, 0.004964, 0.005114
5.380644, 0.004993, 0.005145
5.395605, 0.005024, 0.005177
5.410582, 0.005054, 0.005208
5.425575, 0.005085, 0.005240
5.440582, 0.005116, 0.005273
5.455604, 0.005147, 0.005305
5.470642, 0.005179, 0.005338
5.485696, 0.005211, 0.005372
5.500764, 0.005244, 0.005405
5.515848, 0.005277, 0.005440
5.530947, 0.005310, 0.005474
5.546062, 0.005343, 0.005509
5.561191, 0.005377, 0.005544
5.576337, 0.005412, 0.005580
5.591498, 0.005446, 0.005616
5.606674, 0.005481, 0.005652
5.621866, 0.005517, 0.005689
5.637073, 0.005553, 0.005727
5.652296, 0.005589, 0.005765
5.667534, 0.005626, 0.005803
5.682789, 0.005663, 0.005842
5.698058, 0.005701, 0.005881
5.713343, 0.005739, 0.005921
5.728644, 0.005778, 0.005961
5.743961, 0.005817, 0.006002
5.759294, 0.005857, 0.006043
5.774642, 0.005897, 0.006085
5.790006, 0.005938, 0.006128
5.805385, 0.005979, 0.006171
5.820781, 0.006021, 0.006214
5.836192, 0.006064, 0.006258
5.851619, 0.006107, 0.006303
5.867062, 0.006150, 0.006349
5.882521, 0.006195, 0.006395
5.897996, 0.006240, 0.006442
5.913487, 0.006285, 0.006489
5.928994, 0.006331, 0.006537
5.944517, 0.006378, 0.006586
5.960056, 0.006426, 0.006636
5.975611, 0.006475, 0.006687
5.991182, 0.006524, 0.006738
6.006769, 0.006574, 0.006790
6.022372, 0.006625, 0.006843
6.037992, 0.006677, 0.006897
6.053627, 0.006729, 0.006952
6.069279, 0.006783, 0.007008
6.084947, 0.006837, 0.007065
6.100632, 0.006893, 0.007123
6.116332, 0.006949, 0.007182
6.132049, 0.007007, 0.007242
6.147782, 0.007065, 0.007303
6.163532, 0.007125, 0.007365
6.179298, 0.007186, 0.007429
6.195081, 0.007248, 0.007493
6.210879, 0.007311, 0.007560
6.226695, 0.007376, 0.007627
6.242527, 0.007442, 0.007696
6.258375, 0.007509, 0.007766
6.274240, 0.007578, 0.007838
6.290121, 0.007648, 0.007912
6.306019, 0.007720, 0.007987
6.321934, 0.007794, 0.008065
6.337865, 0.007869, 0.008144
6.353813, 0.007947, 0.008224
6.369778, 0.008026, 0.008307
6.385759, 0.008107, 0.008392
6.401758, 0.008191, 0.008480
6.417773, 0.008276, 0.008570
6.433804, 0.008364, 0.008662
6.449853, 0.008455, 0.008757
6.465918, 0.008548, 0.008854
6.482001, 0.008644, 0.008955
6.498100, 0.008743, 0.009059
6.514216, 0.008845, 0.009166
6.530349, 0.008950, 0.009276
6.546499, 0.009059, 0.009390
6.562666, 0.009171, 0.009508
6.578850, 0.009288, 0.009631
6.595052, 0.009409, 0.009758
6.611270, 0.009534, 0.009889
6.627505, 0.009664, 0.010026
6.643758, 0.009800, 0.010168
6.660028, 0.009941, 0.010317
6.676315, 0.010088, 0.010471
6.692619, 0.010241, 0.010633
6.708940, 0.010402, 0.010802
6.725279, 0.010570, 0.010979
6.741635, 0.010746, 0.011165
6.758009, 0.010932, 0.011360
6.774399, 0.011127, 0.011566
6.790808, 0.011332, 0.011783
6.807233, 0.011550, 0.012012
6.823676, 0.011779, 0.012255
6.840137, 0.012023, 0.012513
6.856615, 0.012282, 0.012786
6.873111, 0.012557, 0.013077
6.889624, 0.012850, 0.013387
6.906154, 0.013163, 0.013718
6.922703, 0.013497, 0.014071
6.939269, 0.013854, 0.014449
6.955853, 0.014236, 0.014854
6.972454, 0.014644, 0.015286
6.989073, 0.015080, 0.015748
7.005710, 0.015545, 0.016241
7.022365, 0.016041, 0.016766
7.039037, 0.016567, 0.017323
7.055728, 0.017123, 0.017913
7.072436, 0.017710, 0.018535
7.089162, 0.018325, 0.019187
7.105906, 0.018967, 0.019868
7.122668, 0.019632, 0.020574
7.139448, 0.020319, 0.021302
7.156246, 0.021023, 0.022048
7.173062, 0.021742, 0.022808
7.189897, 0.022472, 0.023581
7.206749, 0.023212, 0.024363
7.223619, 0.023962, 0.025154
7.240508, 0.024721, 0.025955
7.257415, 0.025491, 0.026766
7.274340, 0.026271, 0.027588
7.291283, 0.027060, 0.028418
7.308245, 0.027853, 0.029254
7.325225, 0.028646, 0.030089
7.342223, 0.029429, 0.030915
7.359239, 0.030193, 0.031723
7.376274, 0.030932, 0.032504
7.393328, 0.031637, 0.033250
7.410400, 0.032305, 0.033957
7.427490, 0.032937, 0.034626
7.444599, 0.033535, 0.035258
7.461727, 0.034104, 0.035859
7.478873, 0.034649, 0.036435
7.496037, 0.035178, 0.036992
7.513221, 0.035693, 0.037535
7.530423, 0.036196, 0.038066
7.547643, 0.036688, 0.038586
7.564883, 0.037168, 0.039093
7.582141, 0.037634, 0.039586
7.599418, 0.038085, 0.040065
7.616714, 0.038522, 0.040530
7.634029, 0.038947, 0.040983
7.651362, 0.039363, 0.041427
7.668715, 0.039777, 0.041869
7.686086, 0.040193, 0.042314
7.703477, 0.040616, 0.042767
7.720886, 0.041048, 0.043230
7.738314, 0.041489, 0.043703
7.755762, 0.041932, 0.044179
7.773229, 0.042371, 0.044651
7.790715, 0.042794, 0.045108
7.808220, 0.043193, 0.045540
7.825744, 0.043561, 0.045940
7.843287, 0.043898, 0.046306
7.860850, 0.044207, 0.046640
7.878432, 0.044496, 0.046951
7.896033, 0.044777, 0.047250
7.913654, 0.045059, 0.047547
7.931294, 0.045353, 0.047853
7.948953, 0.045666, 0.048177
7.966632, 0.046003, 0.048522
7.984331, 0.046365, 0.048890
8.002049, 0.046752, 0.049282
8.019786, 0.047162, 0.049694
8.037543, 0.047592, 0.050125
8.055320, 0.048038, 0.050571
8.073117, 0.048498, 0.051029
8.090933, 0.048969, 0.051497
8.108768, 0.049446, 0.051970
8.126624, 0.049928, 0.052446
8.144499, 0.050409, 0.052921
8.162394, 0.050886, 0.053390
8.180309, 0.051355, 0.053850
8.198244, 0.051814, 0.054298
8.216199, 0.052261, 0.054735
8.234174, 0.052699, 0.055161
8.252168, 0.053128, 0.055578
8.270183, 0.053552, 0.055990
8.288218, 0.053976, 0.056403
8.306273, 0.054404, 0.056822
8.324348, 0.054839, 0.057248
8.342443, 0.055280, 0.057684
8.360558, 0.055726, 0.058127
8.378694, 0.056172, 0.058572
8.396849, 0.056610, 0.059012
8.415025, 0.057034, 0.059437
8.433222, 0.057435, 0.059841
8.451438, 0.057807, 0.060214
8.469676, 0.058146, 0.060551
8.487933, 0.058449, 0.060849
8.506211, 0.058717, 0.061107
8.524509, 0.058951, 0.061326
8.542828, 0.059155, 0.061510
8.561168, 0.059332, 0.061663
8.579528, 0.059488, 0.061789
8.597909, 0.059627, 0.061894
8.616310, 0.059755, 0.061983
8.634732, 0.059877, 0.062061
8.653175, 0.059996, 0.062133
8.671639, 0.060115, 0.062202
8.690123, 0.060238, 0.062270
8.708629, 0.060363, 0.062337
8.727155, 0.060492, 0.062403
8.745702, 0.060625, 0.062469
8.764270, 0.060762, 0.062535
8.782859, 0.060907, 0.062604
8.801469, 0.061069, 0.062684
8.820100, 0.061256, 0.062785
8.838752, 0.061480, 0.062919
8.857425, 0.061753, 0.063097
8.876119, 0.062087, 0.063333
8.894835, 0.062490, 0.063634
8.913572, 0.062970, 0.064011
8.932330, 0.063532, 0.064467
8.951109, 0.064180, 0.065008
8.969910, 0.064917, 0.065637
8.988732, 0.065747, 0.066357
9.007575, 0.066673, 0.067174
9.026440, 0.067699, 0.068092
9.045327, 0.068826, 0.069112
9.064235, 0.070056, 0.070236
9.083164, 0.071383, 0.071462
9.102115, 0.072802, 0.072783
9.121088, 0.074303, 0.074191
9.140082, 0.075872, 0.075673
9.159098, 0.077496, 0.077214
9.178136, 0.079158, 0.078802
9.197196, 0.080847, 0.080423
9.216277, 0.082551, 0.082067
9.235380, 0.084267, 0.083730
9.254506, 0.085993, 0.085410
9.273653, 0.087732, 0.087111
9.292822, 0.089491, 0.088836
9.312013, 0.091275, 0.090592
9.331226, 0.093090, 0.092382
9.350461, 0.094940, 0.094210
9.369719, 0.096828, 0.096074
9.388998, 0.098752, 0.097974
9.408300, 0.100715, 0.099907
9.427624, 0.102716, 0.101872
9.446970, 0.104758, 0.103870
9.466338, 0.106846, 0.105903
9.485729, 0.108981, 0.107975
9.505142, 0.111169, 0.110089
9.524578, 0.113408, 0.112248
9.544036, 0.115699, 0.114453
9.563517, 0.118035, 0.116702
9.583020, 0.120412, 0.118992
9.602546, 0.122822, 0.121320
9.622094, 0.125261, 0.123681
9.641665, 0.127725, 0.126074
9.661259, 0.130214, 0.128501
9.680875, 0.132732, 0.130963
9.700515, 0.135281, 0.133463
9.720177, 0.137866, 0.136004
9.739862, 0.140491, 0.138589
9.759570, 0.143157, 0.141218
9.779300, 0.145867, 0.143893
9.799054, 0.148621, 0.146615
9.818831, 0.151419, 0.149385
9.838631, 0.154259, 0.152204
9.858454, 0.157137, 0.155069
9.878300, 0.160047, 0.157978
9.898169, 0.162977, 0.160922
9.918061, 0.165916, 0.163891
9.937977, 0.168850, 0.166872
9.957916, 0.171766, 0.169853
9.977879, 0.174656, 0.172823
9.997865, 0.177516, 0.175775
10.017874, 0.180343, 0.178706
10.037906, 0.183142, 0.181617
10.057963, 0.185919, 0.184511
10.078042, 0.188680, 0.187395
10.098146, 0.191432, 0.190274
10.118273, 0.194182, 0.193156
10.138423, 0.196940, 0.196047
10.158598, 0.199712, 0.198956
10.178796, 0.202509, 0.201893
10.199018, 0.205344, 0.204867
10.219264, 0.208229, 0.207892
10.239533, 0.211175, 0.210981
10.259827, 0.214195, 0.214146
10.280144, 0.217292, 0.217398
10.300486, 0.220467, 0.220746
10.320852, 0.223712, 0.224190
10.341241, 0.227011, 0.227725
10.361655, 0.230335, 0.231334
10.382093, 0.233650, 0.234992
10.402555, 0.236909, 0.238661
10.423042, 0.240063, 0.242295
10.443553, 0.243061, 0.245843
10.464088, 0.245862, 0.249254
10.484648, 0.248436, 0.252486
10.505232, 0.250774, 0.255509
10.525840, 0.252887, 0.258315
10.546473, 0.254809, 0.260920
10.567131, 0.256593, 0.263360
10.587813, 0.258296, 0.265688
10.608520, 0.259980, 0.267964
10.629252, 0.261698, 0.270246
10.650008, 0.263492, 0.272588
10.670789, 0.265392, 0.275031
10.691595, 0.267416, 0.277606
10.712426, 0.269570, 0.280333
10.733282, 0.271856, 0.283221
10.754163, 0.274271, 0.286271
10.775069, 0.276810, 0.289473
10.796000, 0.279468, 0.292810
10.816956, 0.282236, 0.296260
10.837937, 0.285111, 0.299795
10.858943, 0.288088, 0.303389
10.879975, 0.291167, 0.307015
10.901032, 0.294354, 0.310659
10.922114, 0.297656, 0.314308
10.943222, 0.301083, 0.317962
10.964355, 0.304643, 0.321621
10.985513, 0.308343, 0.325290
11.006697, 0.312184, 0.328972
11.027907, 0.316164, 0.332665
11.049142, 0.320271, 0.336365
11.070403, 0.324491, 0.340065
11.091689, 0.328802, 0.343751
11.113002, 0.333179, 0.347410
11.134340, 0.337595, 0.351028
11.155704, 0.342021, 0.354593
11.177094, 0.346435, 0.358095
11.198510, 0.350819, 0.361530
11.219951, 0.355162, 0.364896
11.241419, 0.359458, 0.368191
11.262913, 0.363703, 0.371418
11.284433, 0.367893, 0.374575
11.305979, 0.372026, 0.377662
11.327552, 0.376101, 0.380682
11.349150, 0.380125, 0.383641
11.370775, 0.384114, 0.386553
11.392427, 0.388097, 0.389440
11.414105, 0.392115, 0.392334
11.435809, 0.396223, 0.395278
11.457540, 0.400490, 0.398322
11.479297, 0.404988, 0.401530
11.501081, 0.409798, 0.404972
11.522892, 0.414996, 0.408723
11.544729, 0.420650, 0.412861
11.566593, 0.426813, 0.417452
11.588484, 0.433512, 0.422550
11.610402, 0.440743, 0.428180
11.632346, 0.448468, 0.434342
11.654318, 0.456612, 0.441000
11.676317, 0.465072, 0.448089
11.698342, 0.473721, 0.455515
11.720395, 0.482423, 0.463167
11.742475, 0.491047, 0.470925
11.764582, 0.499480, 0.478675
11.786717, 0.507637, 0.486318
11.808878, 0.515465, 0.493777
11.831067, 0.522945, 0.500998
11.853284, 0.530089, 0.507959
11.875528, 0.536945, 0.514663
11.897799, 0.543586, 0.521144
11.920098, 0.550113, 0.527462
11.942425, 0.556636, 0.533695
11.964779, 0.563275, 0.539935
11.987161, 0.570144, 0.546281
12.009571, 0.577352, 0.552831
12.032008, 0.584990, 0.559677
12.054474, 0.593133, 0.566896
12.076967, 0.601835, 0.574552
12.099488, 0.611134, 0.582693
12.122038, 0.621055, 0.591351
12.144615, 0.631610, 0.600550
12.167221, 0.642803, 0.610307
12.189854, 0.654632, 0.620631
12.212516, 0.667094, 0.631538
12.235207, 0.680193, 0.643050
12.257925, 0.693949, 0.655210
12.280672, 0.708389, 0.668078
12.303448, 0.723544, 0.681725
12.326252, 0.739435, 0.696220
12.349084, 0.756066, 0.711618
12.371945, 0.773419, 0.727953
12.394835, 0.791467, 0.745243
12.417754, 0.810178, 0.763497
12.440701, 0.829516, 0.782713
12.463677, 0.849439, 0.802890
12.486682, 0.869883, 0.824019
12.509716, 0.890760, 0.846081
12.532779, 0.911936, 0.869037
12.555871, 0.933233, 0.892819
12.578992, 0.954419, 0.917314
12.602142, 0.975220, 0.942365
12.625321, 0.995345, 0.967769
12.648530, 1.014521, 0.993309
12.671768, 1.032528, 1.018781
12.695035, 1.049217, 1.044026
12.718332, 1.064501, 1.068945
12.741658, 1.078310, 1.093481
12.765014, 1.090527, 1.117575
12.788399, 1.100918, 1.141090
12.811814, 1.109076, 1.163731
12.835259, 1.114402, 1.184978
12.858734, 1.116153, 1.204066
12.882238, 1.113562, 1.220030
12.905772, 1.105991, 1.231822
12.929336, 1.093092, 1.238477
12.952931, 1.074899, 1.239271
12.976555, 1.051840, 1.233845
13.000209, 1.024658, 1.222256
13.023894, 0.994288, 1.204940
13.047608, 0.961713, 1.182624
13.071353, 0.927865, 1.156211
13.095129, 0.893551, 1.126674
13.118935, 0.859426, 1.094968
13.142771, 0.825979, 1.061952
13.166637, 0.793533, 1.028330
13.190535, 0.762258, 0.994608
13.214463, 0.732203, 0.961092
13.238421, 0.703347, 0.927937
13.262411, 0.675645, 0.895215
13.286431, 0.649059, 0.862976
13.310482, 0.623573, 0.831296
13.334564, 0.599189, 0.800283
13.358677, 0.575928, 0.770077
13.382821, 0.553834, 0.740847
13.406996, 0.532978, 0.712784
13.431202, 0.513447, 0.686092
13.455440, 0.495327, 0.660960
13.479709, 0.478674, 0.637531
13.504009, 0.463495, 0.615868
13.528340, 0.449741, 0.595949
13.552703, 0.437309, 0.577672
13.577098, 0.426057, 0.560879
13.601524, 0.415822, 0.545372
13.625982, 0.406433, 0.530940
13.650471, 0.397735, 0.517381
13.674993, 0.389592, 0.504521
13.699546, 0.381896, 0.492224
13.724131, 0.374557, 0.480394
13.748748, 0.367499, 0.468965
13.773397, 0.360658, 0.457889
13.798078, 0.353984, 0.447139
13.822792, 0.347446, 0.436703
13.847537, 0.341033, 0.426590
13.872315, 0.334758, 0.416833
13.897125, 0.328651, 0.407487
13.921968, 0.322756, 0.398621
13.946843, 0.317121, 0.390311
13.971750, 0.311795, 0.382618
13.996690, 0.306819, 0.375591
14.021663, 0.302228, 0.369261
14.046669, 0.298056, 0.363648
14.071707, 0.294331, 0.358766
14.096778, 0.291073, 0.354616
14.121882, 0.288281, 0.351169
14.147020, 0.285927, 0.348365
14.172190, 0.283961, 0.346113
14.197393, 0.282318, 0.344306
14.222629, 0.280930, 0.342844
14.247899, 0.279735, 0.341641
14.273202, 0.278680, 0.340639
14.298538, 0.277714, 0.339795
14.323908, 0.276793, 0.339067
14.349311, 0.275869, 0.338407
14.374748, 0.274903, 0.337757
14.400219, 0.273870, 0.337064
14.425723, 0.272769, 0.336297
14.451261, 0.271622, 0.335449
14.476833, 0.270473, 0.334545
14.502439, 0.269373, 0.333626
14.528079, 0.268381, 0.332749
14.553752, 0.267552, 0.331975
14.579460, 0.266938, 0.331367
14.605202, 0.266583, 0.330985
14.630979, 0.266519, 0.330879
14.656789, 0.266764, 0.331084
14.682634, 0.267314, 0.331612
14.708514, 0.268142, 0.332452
14.734428, 0.269198, 0.333567
14.760376, 0.270414, 0.334896
14.786360, 0.271716, 0.336365
14.812378, 0.273030, 0.337897
14.838431, 0.274296, 0.339420
14.864518, 0.275473, 0.340883
14.890641, 0.276539, 0.342254
14.916799, 0.277487, 0.343521
14.942991, 0.278314, 0.344682
14.969219, 0.279007, 0.345725
14.995482, 0.279539, 0.346623
15.021781, 0.279871, 0.347334
15.048114, 0.279970, 0.347812
15.074484, 0.279821, 0.348031
15.100888, 0.279436, 0.347992
15.127329, 0.278851, 0.347719
15.153804, 0.278115, 0.347254
15.180316, 0.277279, 0.346638
15.206864, 0.276389, 0.345912
15.233447, 0.275484, 0.345112
15.260066, 0.274592, 0.344269
15.286721, 0.273727, 0.343404
15.313413, 0.272890, 0.342523
15.340140, 0.272071, 0.341618
15.366904, 0.271252, 0.340665
15.393704, 0.270424, 0.339646
15.420541, 0.269595, 0.338560
15.447414, 0.268803, 0.337443
15.474323, 0.268107, 0.336361
15.501269, 0.267570, 0.335392
15.528252, 0.267239, 0.334602
15.555271, 0.267129, 0.334019
15.582328, 0.267223, 0.333637
15.609421, 0.267480, 0.333420
15.636551, 0.267846, 0.333322
15.663718, 0.268268, 0.333297
15.690923, 0.268698, 0.333307
15.718164, 0.269097, 0.333324
15.745443, 0.269437, 0.333329
15.772760, 0.269698, 0.333308
15.800113, 0.269875, 0.333254
15.827504, 0.269982, 0.333169
15.854933, 0.270051, 0.333075
15.882400, 0.270128, 0.333008
15.909904, 0.270257, 0.333004
15.937446, 0.270464, 0.333090
15.965026, 0.270750, 0.333266
15.992644, 0.271088, 0.333504
16.020300, 0.271435, 0.333752
16.047994, 0.271738, 0.333949
16.075727, 0.271959, 0.334040
16.103497, 0.272079, 0.333995
16.131306, 0.272117, 0.333825
16.159154, 0.272127, 0.333585
16.187040, 0.272188, 0.333371
16.214964, 0.272390, 0.333301
16.242928, 0.272814, 0.333491
16.270930, 0.273524, 0.334038
16.298971, 0.274554, 0.335011
16.327051, 0.275905, 0.336435
16.355170, 0.277535, 0.338289
16.383328, 0.279361, 0.340499
16.411525, 0.281273, 0.342947
16.439762, 0.283167, 0.345501
16.468038, 0.284973, 0.348048
16.496353, 0.286666, 0.350512
16.524708, 0.288255, 0.352855
16.553102, 0.289765, 0.355070
16.581536, 0.291210, 0.357160
16.610010, 0.292587, 0.359128
16.638524, 0.293870, 0.360966
16.667077, 0.295019, 0.362651
16.695671, 0.295990, 0.364146
16.724305, 0.296743, 0.365402
16.752978, 0.297242, 0.366374
16.781693, 0.297454, 0.367011
16.810447, 0.297339, 0.367264
16.839242, 0.296852, 0.367078
16.868078, 0.295951, 0.366398
16.896954, 0.294616, 0.365183
16.925870, 0.292871, 0.363431
16.954828, 0.290791, 0.361195
16.983826, 0.288497, 0.358588
17.012866, 0.286131, 0.355768
17.041946, 0.283823, 0.352894
17.071068, 0.281662, 0.350099
17.100231, 0.279688, 0.347465
17.129435, 0.277893, 0.345018
17.158680, 0.276226, 0.342731
17.187967, 0.274619, 0.340544
17.217295, 0.273011, 0.338391
17.246666, 0.271365, 0.336221
17.276078, 0.269682, 0.334022
17.305531, 0.267994, 0.331817
17.335027, 0.266347, 0.329652
17.364565, 0.264790, 0.327583
17.394144, 0.263352, 0.325652
17.423766, 0.262043, 0.323882
17.453430, 0.260851, 0.322268
17.483137, 0.259738, 0.320772
17.512886, 0.258652, 0.319327
17.542678, 0.257533, 0.317853
17.572512, 0.256332, 0.316276
17.602389, 0.255007, 0.314541
17.632309, 0.253526, 0.312608
17.662271, 0.251860, 0.310448
17.692277, 0.249984, 0.308033
17.722326, 0.247891, 0.305349
17.752418, 0.245597, 0.302395
17.782553, 0.243145, 0.299199
17.812732, 0.240604, 0.295815
17.842954, 0.238068, 0.292335
17.873220, 0.235644, 0.288882
17.903530, 0.233441, 0.285595
17.933883, 0.231543, 0.282597
17.964280, 0.229998, 0.279971
17.994721, 0.228821, 0.277753
18.025206, 0.228013, 0.275951
18.055735, 0.227575, 0.274566
18.086308, 0.227523, 0.273615
18.116926, 0.227876, 0.273123
18.147588, 0.228644, 0.273115
18.178295, 0.229828, 0.273607
18.209047, 0.231420, 0.274608
18.239843, 0.233397, 0.276109
18.270683, 0.235709, 0.278077
18.301569, 0.238263, 0.280436
18.332500, 0.240928, 0.283067
18.363476, 0.243550, 0.285819
18.394497, 0.245980, 0.288537
18.425564, 0.248096, 0.291079
18.456676, 0.249821, 0.293344
18.487833, 0.251120, 0.295273
18.519036, 0.251986, 0.296838
18.550285, 0.252415, 0.298020
18.581579, 0.252399, 0.298792
18.612920, 0.251921, 0.299106
18.644306, 0.250963, 0.298903
18.675739, 0.249526, 0.298130
18.707217, 0.247647, 0.296776
18.738743, 0.245414, 0.294900
18.770314, 0.242951, 0.292625
18.801932, 0.240394, 0.290113
18.833597, 0.237862, 0.287522
18.865308, 0.235438, 0.284976
18.897067, 0.233164, 0.282553
18.928872, 0.231046, 0.280281
18.960724, 0.229070, 0.278154
18.992623, 0.227224, 0.276153
19.024570, 0.225507, 0.274269
19.056564, 0.223937, 0.272510
19.088605, 0.222533, 0.270893
19.120694, 0.221315, 0.269446
19.152831, 0.220300, 0.268202
19.185015, 0.219491, 0.267192
19.217248, 0.218867, 0.266423
19.249528, 0.218370, 0.265867
19.281857, 0.217923, 0.265454
19.314233, 0.217445, 0.265093
19.346658, 0.216875, 0.264697
19.379132, 0.216196, 0.264216
19.411653, 0.215440, 0.263651
19.444224, 0.214672, 0.263051
19.476843, 0.213958, 0.262483
19.509511, 0.213331, 0.261999
19.542229, 0.212775, 0.261609
19.574995, 0.212237, 0.261290
19.607810, 0.211644, 0.260998
19.640675, 0.210931, 0.260697
19.673589, 0.210063, 0.260372
19.706553, 0.209049, 0.260037
19.739566, 0.207931, 0.259715
19.772629, 0.206763, 0.259409
19.805742, 0.205591, 0.259086
19.838905, 0.204437, 0.258686
19.872118, 0.203303, 0.258143
19.905381, 0.202179, 0.257412
19.938694, 0.201058, 0.256479
19.972058, 0.199956, 0.255376
20.005473, 0.198917, 0.254182
20.038938, 0.198003, 0.253016
20.072454, 0.197273, 0.251996
20.106020, 0.196740, 0.251189
20.139638, 0.196358, 0.250576
20.173307, 0.196033, 0.250055
20.207027, 0.195663, 0.249485
20.240799, 0.195175, 0.248749
20.274622, 0.194547, 0.247793
20.308496, 0.193790, 0.246627
20.342422, 0.192931, 0.245298
20.376400, 0.191983, 0.243857
20.410431, 0.190940, 0.242338
20.444513, 0.189789, 0.240753
20.478647, 0.188520, 0.239103
20.512833, 0.187129, 0.237388
20.547072, 0.185601, 0.235588
20.581364, 0.183886, 0.233641
20.615708, 0.181914, 0.231434
20.650105, 0.179626, 0.228847
20.684555, 0.177018, 0.225810
20.719058, 0.174146, 0.222331
20.753614, 0.171099, 0.218480
20.788224, 0.167973, 0.214358
20.822886, 0.164865, 0.210078
20.857603, 0.161886, 0.205761
20.892373, 0.159164, 0.201551
20.927196, 0.156834, 0.197599
20.962074, 0.155027, 0.194055
20.997006, 0.153854, 0.191065
21.031991, 0.153420, 0.188774
21.067031, 0.153818, 0.187323
21.102126, 0.155108, 0.186812
21.137275, 0.157308, 0.187269
21.172478, 0.160391, 0.188653
21.207737, 0.164307, 0.190891
21.243050, 0.169000, 0.193909
21.278419, 0.174422, 0.197662
21.313842, 0.180535, 0.202122
21.349321, 0.187313, 0.207279
21.384855, 0.194750, 0.213134
21.420445, 0.202856, 0.219696
21.456091, 0.211633, 0.226961
21.491792, 0.221043, 0.234888
21.527549, 0.230994, 0.243408
21.563363, 0.241340, 0.252441
21.599232, 0.251884, 0.261917
21.635158, 0.262387, 0.271782
21.671141, 0.272591, 0.281981
21.707180, 0.282226, 0.292437
21.743275, 0.291041, 0.303005
21.779428, 0.298878, 0.313495
21.815638, 0.305781, 0.323775
21.851904, 0.312027, 0.333887
21.888228, 0.318023, 0.344066
21.924610, 0.324110, 0.354610
21.961049, 0.330433, 0.365713
21.997546, 0.336945, 0.377367
22.034100, 0.343516, 0.389402
22.070713, 0.350058, 0.401590
22.107383, 0.356586, 0.413766
22.144112, 0.363186, 0.425895
22.180900, 0.369907, 0.438043
22.217745, 0.376663, 0.450258
22.254650, 0.383215, 0.462444
22.291613, 0.389243, 0.474332
22.328635, 0.394470, 0.485568
22.365717, 0.398752, 0.495846
22.402857, 0.402095, 0.505012
22.440057, 0.404613, 0.513107
22.477316, 0.406450, 0.520334
22.514635, 0.407700, 0.526967
22.552014, 0.408375, 0.533248
22.589453, 0.408446, 0.539353
22.626952, 0.407906, 0.545436
22.664511, 0.406761, 0.551626
22.702131, 0.404964, 0.557941
22.739810, 0.402399, 0.564212
22.777551, 0.398938, 0.570105
22.815353, 0.394496, 0.575215
22.853215, 0.389033, 0.579130
22.891139, 0.382544, 0.581468
22.929123, 0.375088, 0.581948
22.967170, 0.366812, 0.580473
23.005277, 0.357943, 0.577153
23.043447, 0.348756, 0.572282
23.081678, 0.339520, 0.566262
23.119971, 0.330401, 0.559464
23.158327, 0.321415, 0.552061
23.196745, 0.312500, 0.544024
23.235225, 0.303642, 0.535303
23.273768, 0.294915, 0.525975
23.312373, 0.286452, 0.516268
23.351042, 0.278390, 0.506506
23.389773, 0.270833, 0.497031
23.428568, 0.263824, 0.488117
23.467426, 0.257339, 0.479896
23.506348, 0.251316, 0.472352
23.545333, 0.245689, 0.465384
23.584383, 0.240420, 0.458907
23.623496, 0.235511, 0.452907
23.662673, 0.230974, 0.447428
23.701915, 0.226798, 0.442500
23.741221, 0.222936, 0.438089
23.780592, 0.219338, 0.434125
23.820028, 0.215972, 0.430566
23.859528, 0.212833, 0.427412
23.899094, 0.209922, 0.424638
23.938725, 0.207259, 0.422136
23.978421, 0.204903, 0.419771
24.018183, 0.202949, 0.417493
24.058011, 0.201474, 0.415330
24.097905, 0.200479, 0.413293
24.137865, 0.199911, 0.411344
24.177891, 0.199708, 0.409447
24.217983, 0.199830, 0.407617
24.258142, 0.200271, 0.405905
24.298368, 0.201057, 0.404358
24.338661, 0.202236, 0.402985
24.379021, 0.203861, 0.401764
24.419448, 0.205971, 0.400710
24.459943, 0.208572, 0.399912
24.500505, 0.211602, 0.399467
24.541134, 0.214912, 0.399357
24.581832, 0.218277, 0.399433
24.622598, 0.221483, 0.399542
24.663432, 0.224413, 0.399626
24.704335, 0.227070, 0.399716
24.745306, 0.229538, 0.399902
24.786346, 0.231922, 0.400283
24.827455, 0.234277, 0.400886
24.868633, 0.236582, 0.401609
24.909881, 0.238753, 0.402272
24.951198, 0.240689, 0.402761
24.992584, 0.242263, 0.403101
25.034041, 0.243243, 0.403373
25.075567, 0.243262, 0.403546
25.117164, 0.241937, 0.403436
25.158831, 0.239118, 0.402839
25.200568, 0.234998, 0.401695
25.242377, 0.230027, 0.400116
25.284256, 0.224720, 0.398265
25.326206, 0.219541, 0.396256
25.368228, 0.214883, 0.394137
25.410321, 0.211056, 0.391941
25.452485, 0.208221, 0.389728
25.494722, 0.206310, 0.387569
25.537030, 0.205030, 0.385496
25.579411, 0.204013, 0.383496
25.621864, 0.203017, 0.381548
25.664390, 0.202050, 0.379671
25.706988, 0.201345, 0.377964
25.749659, 0.201244, 0.376649
25.792403, 0.202028, 0.376000
25.835221, 0.203808, 0.376153
25.878112, 0.206548, 0.376923
25.921077, 0.210159, 0.377804
25.964116, 0.214557, 0.378174
26.007229, 0.219658, 0.377584
26.050416, 0.225358, 0.375909
26.093677, 0.231525, 0.373311
26.137013, 0.238020, 0.370094
26.180424, 0.244712, 0.366567
26.223910, 0.251488, 0.362937
26.267471, 0.258294, 0.359277
26.311108, 0.265193, 0.355596
26.354820, 0.272406, 0.351900
26.398608, 0.280283, 0.348185
26.442472, 0.289203, 0.344397
26.486413, 0.299403, 0.340455
26.530429, 0.310776, 0.336301
26.574522, 0.322704, 0.331971
26.618692, 0.334076, 0.327657
26.662940, 0.343626, 0.323689
26.707264, 0.350425, 0.320467
26.751665, 0.354250, 0.318453
26.796145, 0.355637, 0.318169
26.840702, 0.355609, 0.320033
26.885337, 0.355237, 0.324132
26.930050, 0.355320, 0.330139
26.974842, 0.356356, 0.337444
27.019712, 0.358628, 0.345424
27.064662, 0.362153, 0.353669
27.109690, 0.366495, 0.362041
27.154798, 0.370710, 0.370587
27.199985, 0.373642, 0.379386
27.245251, 0.374430, 0.388401
27.290598, 0.372738, 0.397425
27.336025, 0.368540, 0.406088
27.381532, 0.361897, 0.413855
27.427119, 0.353095, 0.420050
27.472788, 0.343013, 0.424070
27.518537, 0.333185, 0.425647
27.564367, 0.325228, 0.424902
27.610279, 0.320182, 0.422238
27.656272, 0.318406, 0.418119
27.702348, 0.320001, 0.412858
27.748505, 0.325202, 0.406651
27.794744, 0.334347, 0.399840
27.841067, 0.347547, 0.393015
27.887471, 0.364484, 0.386765
27.933959, 0.384580, 0.381391
27.980530, 0.407319, 0.376968
28.027184, 0.432388, 0.373573
28.073922, 0.459628, 0.371316
28.120743, 0.488934, 0.370196
28.167649, 0.520237, 0.370045
28.214639, 0.553538, 0.370591
28.261713, 0.588869, 0.371593
28.308872, 0.626141, 0.372968
28.356116, 0.664944, 0.374814
28.403446, 0.704444, 0.377352
28.450860, 0.743675, 0.380766
28.498361, 0.782099, 0.384997
28.545947, 0.819828, 0.389691
28.593619, 0.857106, 0.394401
28.641378, 0.893676, 0.398818
28.689223, 0.928866, 0.402815
28.737155, 0.962294, 0.406400
28.785174, 0.994475, 0.409688
28.833280, 1.026864, 0.412843
28.881474, 1.061310, 0.415959
28.929756, 1.099398, 0.418983
28.978126, 1.142098, 0.421758
29.026584, 1.189567, 0.424164
29.075130, 1.241156, 0.426210
29.123765, 1.295980, 0.427950
29.172489, 1.353859, 0.429210
29.221303, 1.415804, 0.429473
29.270206, 1.483313, 0.428166
29.319198, 1.556406, 0.425127
29.368281, 1.631743, 0.420872
29.417453, 1.703089, 0.416421
29.466717, 1.764483, 0.412754
29.516071, 1.813115, 0.410339
29.565515, 1.849455, 0.409234
29.615051, 1.875651, 0.409410
29.664679, 1.894312, 0.410825
29.714398, 1.908576, 0.413342
29.764209, 1.921929, 0.416625
29.814113, 1.936590, 0.420173
29.864109, 1.952563, 0.423553
29.914197, 1.968644, 0.426613
29.964379, 1.983300, 0.429497
30.014654, 1.994312, 0.432593
30.065022, 1.999253, 0.436372
30.115484, 1.997326, 0.441071
30.166041, 1.990231, 0.446399
30.216691, 1.981498, 0.451486
30.267436, 1.975206, 0.455100
30.318276, 1.974527, 0.456056
30.369211, 1.981048, 0.453676
30.420242, 1.995025, 0.448105
30.471368, 2.015429, 0.440190
30.522589, 2.039681, 0.431010
30.573908, 2.064002, 0.421593
30.625322, 2.084963, 0.412943
30.676833, 2.101493, 0.405943
30.728442, 2.115430, 0.400999
30.780147, 2.129777, 0.397874
30.831950, 2.145933, 0.395927
30.883851, 2.162178, 0.394470
30.935850, 2.174907, 0.392968
30.987947, 2.181696, 0.391127
31.040143, 2.182798, 0.388867
31.092438, 2.179681, 0.386229
31.144832, 2.173383, 0.383366
31.197326, 2.164054, 0.380483
31.249919, 2.151002, 0.377574
31.302613, 2.133274, 0.374350
31.355406, 2.110492, 0.370475
31.408301, 2.083073, 0.365819
31.461296, 2.051629, 0.360566
31.514393, 2.016905, 0.355199
31.567591, 1.980207, 0.350357
31.620891, 1.943306, 0.346577
31.674292, 1.907999, 0.344045
31.727797, 1.875471, 0.342700
31.781404, 1.845878, 0.342464
31.835114, 1.818067, 0.343239
31.888927, 1.790008, 0.344806
31.942844, 1.760350, 0.346889
31.996864, 1.729103, 0.349389
32.050989, 1.696357, 0.352371
32.105219, 1.661487, 0.355809
32.159553, 1.624180, 0.359632
32.213992, 1.585330, 0.363983
32.268536, 1.546545, 0.369058
32.323186, 1.509102, 0.374917
32.377943, 1.473098, 0.381790
32.432805, 1.437663, 0.390221
32.487774, 1.402239, 0.400615
32.542850, 1.366918, 0.412898
32.598033, 1.331802, 0.426719
32.653324, 1.296802, 0.441645
32.708723, 1.262132, 0.457162
32.764230, 1.228863, 0.472928
32.819845, 1.198646, 0.489101
32.875569, 1.172626, 0.506139
32.931403, 1.150572, 0.524232
32.987345, 1.131223, 0.543016
33.043398, 1.113625, 0.561767
33.099560, 1.097471, 0.579936
33.155833, 1.082378, 0.597520
33.212217, 1.067578, 0.614724
33.268712, 1.052162, 0.631513
33.325318, 1.035633, 0.647541
33.382036, 1.018371, 0.662525
33.438866, 1.001124, 0.676702
33.495809, 0.984299, 0.690567
33.552864, 0.968141, 0.704526
33.610032, 0.953237, 0.719084
33.667314, 0.940626, 0.734608
33.724710, 0.931170, 0.751026
33.782219, 0.924766, 0.768006
33.839843, 0.920441, 0.784932
33.897582, 0.917041, 0.800913
33.955435, 0.913679, 0.815231
34.013405, 0.909372, 0.827660
34.071490, 0.902600, 0.838284
34.129691, 0.892044, 0.847039
34.188009, 0.877721, 0.853817
34.246443, 0.861078, 0.859000
34.304995, 0.844045, 0.863366
34.363664, 0.827888, 0.867520
34.422451, 0.812722, 0.872110
34.481357, 0.798012, 0.878357
34.540381, 0.783355, 0.887462
34.599524, 0.768494, 0.899744
34.658786, 0.753062, 0.914516
34.718168, 0.736880, 0.930519
34.777670, 0.720432, 0.946988
34.837293, 0.704920, 0.964521
34.897036, 0.691990, 0.984527
34.956901, 0.683159, 1.007500
35.016887, 0.679077, 1.031481
35.076995, 0.679547, 1.052151
35.137225, 0.684249, 1.066466
35.197578, 0.692955, 1.076461
35.258054, 0.705010, 1.086806
35.318653, 0.719166, 1.099949
35.379376, 0.734439, 1.114867
35.440223, 0.750557, 1.128856
35.501195, 0.767276, 1.139825
35.562291, 0.783982, 1.147242
35.623513, 0.799559, 1.151445
35.684861, 0.812473, 1.153379
35.746334, 0.821551, 1.154567
35.807935, 0.826654, 1.156097
35.869661, 0.828958, 1.157885
35.931516, 0.830875, 1.159454
35.993498, 0.834976, 1.161239
36.055607, 0.842201, 1.164527
36.117846, 0.850954, 1.169460
36.180213, 0.858354, 1.174041
36.242709, 0.861975, 1.176323
36.305335, 0.860447, 1.176275
36.368091, 0.853634, 1.175259
36.430978, 0.842116, 1.174310
36.493995, 0.826356, 1.172773
36.557144, 0.806543, 1.169798
36.620424, 0.782531, 1.165751
36.683836, 0.754160, 1.159112
36.747381, 0.722284, 1.145408
36.811059, 0.689258, 1.122310
36.874870, 0.657642, 1.091807
36.938815, 0.628577, 1.056272
37.002894, 0.601908, 1.015857
37.067107, 0.577140, 0.970406
37.131456, 0.553928, 0.921469
37.195940, 0.532116, 0.871479
37.260560, 0.511818, 0.822540
37.325316, 0.493387, 0.776486
37.390209, 0.477073, 0.735022
37.455239, 0.462684, 0.699093
37.520407, 0.449602, 0.667744
37.585712, 0.437343, 0.638644
37.651157, 0.425834, 0.610402
37.716740, 0.415059, 0.583501
37.782462, 0.405041, 0.559161
37.848324, 0.396227, 0.538223
37.914327, 0.389396, 0.521088
37.980470, 0.384974, 0.507845
38.046754, 0.382635, 0.498196
38.113180, 0.381673, 0.491928
38.179748, 0.381947, 0.489345
38.246459, 0.384249, 0.490808
38.313313, 0.389931, 0.496218
38.380309, 0.400783, 0.504772
38.447450, 0.418804, 0.515114
38.514735, 0.444522, 0.525909
38.582165, 0.474728, 0.536445
38.649741, 0.503435, 0.546037
38.717462, 0.526643, 0.553578
38.785329, 0.544850, 0.558830
38.853343, 0.560267, 0.563303
38.921504, 0.573602, 0.568647
38.989813, 0.584169, 0.574679
39.058270, 0.591544, 0.580214
39.126876, 0.596717, 0.585336
39.195630, 0.601273, 0.591434
39.264535, 0.606060, 0.599499
39.333589, 0.611382, 0.609601
39.402794, 0.617080, 0.621035
39.472150, 0.622754, 0.632240
39.541658, 0.628385, 0.642078
39.611317, 0.633422, 0.650899
39.681129, 0.636177, 0.659023
39.751095, 0.635615, 0.665768
39.821214, 0.632148, 0.670493
39.891486, 0.627005, 0.672848
39.961914, 0.622413, 0.672684
40.032496, 0.620697, 0.670944
40.103235, 0.622883, 0.669498
40.174129, 0.628198, 0.670230
40.245180, 0.634335, 0.674038
40.316388, 0.639027, 0.679728
40.387754, 0.641840, 0.684412
40.459278, 0.644748, 0.686094
40.530960, 0.650476, 0.685807
40.602802, 0.659472, 0.686582
40.674804, 0.668807, 0.690462
40.746966, 0.675244, 0.697260
40.819289, 0.677923, 0.706487
40.891773, 0.676932, 0.718898
40.964420, 0.671434, 0.734631
41.037228, 0.660696, 0.750926
41.110200, 0.646185, 0.763990
41.183335, 0.630377, 0.772844
41.256635, 0.614069, 0.778787
41.330099, 0.596449, 0.782376
41.403728, 0.577175, 0.783366
41.477524, 0.557578, 0.782425
41.551485, 0.539217, 0.782015
41.625614, 0.522462, 0.784993
41.699909, 0.507174, 0.793006
41.774373, 0.493576, 0.805915
41.849006, 0.481872, 0.821403
41.923808, 0.471206, 0.835525
41.998779, 0.459748, 0.844968
42.073921, 0.445991, 0.847830
42.149234, 0.430794, 0.841793
42.224718, 0.417216, 0.826179
42.300375, 0.407689, 0.804907
42.376204, 0.402522, 0.783580
42.452206, 0.400633, 0.765945
42.528383, 0.400428, 0.752503
42.604733, 0.400139, 0.740582
42.681259, 0.399151, 0.727359
42.757961, 0.398244, 0.712638
42.834838, 0.398642, 0.698381
42.911893, 0.400480, 0.686661
42.989125, 0.402661, 0.677632
43.066536, 0.404534, 0.670301
43.144125, 0.406366, 0.665174
43.221893, 0.408175, 0.663611
43.299841, 0.409234, 0.665663
43.377970, 0.408863, 0.669663
43.456281, 0.407010, 0.673473
43.534773, 0.404303, 0.675854
43.613447, 0.401621, 0.676287
43.692305, 0.399697, 0.673825
43.771346, 0.398751, 0.667661
43.850572, 0.397796, 0.659232
43.929983, 0.395235, 0.650255
44.009580, 0.390831, 0.640937
44.089363, 0.385947, 0.630876
44.169333, 0.382083, 0.619703
44.249490, 0.379517, 0.608391
44.329836, 0.377208, 0.598674
44.410371, 0.373608, 0.590503
44.491096, 0.367751, 0.581470
44.572011, 0.360617, 0.569625
44.653117, 0.354085, 0.555926
44.734415, 0.348821, 0.542420
44.815905, 0.344536, 0.530021
44.897588, 0.340898, 0.518169
44.979465, 0.338404, 0.505780
45.061537, 0.338053, 0.492874
45.143803, 0.340103, 0.480757
45.226265, 0.344165, 0.470676
45.308924, 0.350140, 0.463260
45.391780, 0.357680, 0.458823
45.474834, 0.365117, 0.456619
45.558087, 0.370652, 0.454854
45.641539, 0.374224, 0.452316
45.725191, 0.377725, 0.449868
45.809044, 0.382092, 0.449043
45.893098, 0.385937, 0.449985
45.977355, 0.387599, 0.451592
46.061814, 0.386914, 0.452861
46.146477, 0.384284, 0.453544
46.231345, 0.379062, 0.453318
46.316418, 0.369895, 0.451594
46.401697, 0.356806, 0.447634
46.487183, 0.341400, 0.440960
46.572876, 0.325763, 0.431536
46.658777, 0.312348, 0.420793
46.744887, 0.302286, 0.411399
46.831207, 0.294121, 0.403983
46.917737, 0.285909, 0.396916
47.004479, 0.277262, 0.388888
47.091432, 0.268661, 0.379579
47.178599, 0.260801, 0.369719
47.265979, 0.254210, 0.360509
47.353573, 0.249133, 0.352756
47.441382, 0.245332, 0.346646
47.529408, 0.242147, 0.341726
47.617650, 0.238401, 0.336957
47.706110, 0.233103, 0.330449
47.794788, 0.226793, 0.321250
47.883685, 0.220923, 0.310984
47.972803, 0.215801, 0.301137
48.062141, 0.210971, 0.291461
48.151701, 0.206618, 0.281965
48.241483, 0.203569, 0.273654
48.331488, 0.202492, 0.267570
48.421718, 0.202952, 0.263797
48.512172, 0.203584, 0.261428
48.602853, 0.203519, 0.259441
48.693760, 0.203236, 0.257619
48.784894, 0.203541, 0.256521
48.876257, 0.204294, 0.256426
48.967849, 0.204664, 0.257028
49.059671, 0.203920, 0.257636
49.151724, 0.201871, 0.257141
49.244009, 0.199413, 0.255445
49.336526, 0.197829, 0.254064
49.429277, 0.197611, 0.253892
49.522263, 0.198666, 0.254146
49.615484, 0.200719, 0.254062
49.708941, 0.202485, 0.253620
49.802635, 0.202528, 0.252633
49.896568, 0.201106, 0.251009
49.990739, 0.199354, 0.249642
50.085150, 0.197388, 0.249196
50.179802, 0.194897, 0.249000
50.274695, 0.192447, 0.248191
50.369832, 0.190911, 0.246739
50.465211, 0.190244, 0.245133
50.560836, 0.189691, 0.243192
50.656705, 0.189124, 0.240400
50.752821, 0.189199, 0.237024
50.849185, 0.190560, 0.234136
50.945796, 0.193147, 0.232576
51.042657, 0.196675, 0.232735
51.139769, 0.200776, 0.234513
51.237131, 0.205023, 0.237685
51.334745, 0.208454, 0.241985
51.432613, 0.209658, 0.246049
51.530735, 0.208507, 0.248256
51.629112, 0.206764, 0.248900
51.727745, 0.205704, 0.249466
51.826635, 0.205233, 0.250625
51.925783, 0.204848, 0.251785
52.025191, 0.204451, 0.252197
52.124858, 0.203727, 0.251813
52.224787, 0.201530, 0.250465
52.324978, 0.196606, 0.247206
52.425432, 0.189531, 0.241561
52.526151, 0.182295, 0.234307
52.627135, 0.176983, 0.227402
52.728385, 0.174514, 0.222964
52.829903, 0.174140, 0.221741
52.931689, 0.174467, 0.222772
53.033744, 0.175118, 0.224254
53.136071, 0.176356, 0.224970
53.238669, 0.178110, 0.225055
53.341539, 0.180113, 0.224864
53.444684, 0.182400, 0.224435
53.548104, 0.185364, 0.224946
53.651799, 0.187927, 0.226823
53.755772, 0.188846, 0.228395
53.860024, 0.188373, 0.228131
53.964554, 0.187151, 0.226021
54.069365, 0.186191, 0.223878
54.174458, 0.185776, 0.222963
54.279834, 0.185305, 0.222530
54.385493, 0.184221, 0.221816
54.491438, 0.182318, 0.220692
54.597669, 0.180152, 0.219463
54.704187, 0.178395, 0.218878
54.810994, 0.177054, 0.219529
54.918091, 0.175680, 0.221211
55.025479, 0.174354, 0.223431
55.133158, 0.173620, 0.226387
55.241131, 0.173509, 0.230256
55.349399, 0.173229, 0.234240
55.457962, 0.171802, 0.237397
55.566823, 0.168351, 0.238380
55.675981, 0.162962, 0.235675
55.785439, 0.156865, 0.229069
55.895197, 0.151601, 0.220469
56.005257, 0.147928, 0.213175
56.115621, 0.145218, 0.208344
56.226289, 0.142577, 0.205040
56.337262, 0.139531, 0.201985
56.448542, 0.136239, 0.198314
56.560131, 0.133128, 0.194112
56.672029, 0.130504, 0.189915
56.784237, 0.128513, 0.186204
56.896758, 0.127036, 0.182769
57.009592, 0.126291, 0.180007
57.122740, 0.126204, 0.178842
57.236205, 0.126385, 0.178875
57.349987, 0.126947, 0.179445
57.464087, 0.127532, 0.179582
57.578508, 0.128162, 0.179026
57.693250, 0.129656, 0.178698
57.808314, 0.132640, 0.179666
57.923703, 0.136855, 0.182547
58.039416, 0.141046, 0.186702
58.155457, 0.143879, 0.190872
58.271826, 0.144602, 0.193586
58.388524, 0.144096, 0.194316
58.505553, 0.143859, 0.194596
58.622915, 0.143971, 0.195392
58.740611, 0.144577, 0.196192
58.858641, 0.146839, 0.198467
58.977009, 0.149876, 0.202761
59.095714, 0.152638, 0.207790
59.214759, 0.155550, 0.214094
59.334145, 0.158626, 0.222442
59.453873, 0.161092, 0.232301
59.573946, 0.161821, 0.241688
59.694364, 0.160137, 0.248064
59.815128, 0.156641, 0.250892
59.936241, 0.152403, 0.251349
60.057704, 0.148343, 0.251285
60.179519, 0.144647, 0.252137
60.301686, 0.140901, 0.254131
60.424208, 0.137257, 0.257068
60.547086, 0.134055, 0.260794
60.670322, 0.131057, 0.265083
60.793917, 0.127561, 0.269479
60.917873, 0.122910, 0.273650
61.042191, 0.116526, 0.275955
61.166872, 0.108582, 0.275538
61.291920, 0.099640, 0.271636
61.417334, 0.091221, 0.263722
61.543117, 0.084262, 0.253482
61.669271, 0.078434, 0.241002
61.795797, 0.073340, 0.224848
61.922696, 0.069278, 0.206883
62.049971, 0.066397, 0.190736
62.177622, 0.064207, 0.177467
62.305653, 0.061652, 0.164944
62.434063, 0.058356, 0.150655
62.562856, 0.055036, 0.134667
62.692032, 0.052009, 0.118210
62.821594, 0.049234, 0.102194
62.951543, 0.046840, 0.088318
63.081882, 0.044969, 0.077705
63.212610, 0.043644, 0.069788
63.343732, 0.042815, 0.064136
63.475247, 0.041982, 0.059747
63.607159, 0.040748, 0.055666
63.739468, 0.038620, 0.051121
63.872177, 0.035236, 0.045657
64.005287, 0.031608, 0.040308
64.138800, 0.029173, 0.036574
64.272719, 0.028066, 0.034595
64.407044, 0.027512, 0.033444
64.541779, 0.027098, 0.032432
64.676924, 0.026694, 0.031477
64.812481, 0.026231, 0.030666
64.948453, 0.025429, 0.029637
65.084841, 0.024440, 0.028398
65.221647, 0.023597, 0.027277
65.358874, 0.022947, 0.026374
65.496523, 0.022501, 0.025741
65.634595, 0.022153, 0.025177
65.773094, 0.021870, 0.024614
65.912021, 0.021803, 0.024298
66.051377, 0.021987, 0.024339
66.191166, 0.022236, 0.024555
66.331388, 0.022465, 0.024760
66.472047, 0.022574, 0.024783
66.613144, 0.022515, 0.024620
66.754680, 0.022195, 0.024200
66.896659, 0.021690, 0.023526
67.039082, 0.021400, 0.023018
67.181952, 0.021450, 0.022863
67.325270, 0.021635, 0.022882
67.469038, 0.021932, 0.023065
67.613259, 0.022283, 0.023267
67.757935, 0.022615, 0.023466
67.903068, 0.022738, 0.023539
68.048660, 0.022810, 0.023593
68.194713, 0.022777, 0.023656
68.341230, 0.022691, 0.023867
68.488212, 0.022932, 0.024481
68.635663, 0.023471, 0.025403
68.783583, 0.023884, 0.026182
68.931976, 0.023850, 0.026415
69.080844, 0.023392, 0.026001
69.230189, 0.022756, 0.025209
69.380013, 0.022180, 0.024367
69.530318, 0.021550, 0.023405
69.681108, 0.020729, 0.022205
69.832383, 0.020048, 0.021180
69.984148, 0.019562, 0.020553
70.136403, 0.019015, 0.020003
70.289152, 0.018530, 0.019586
70.442396, 0.018325, 0.019557
70.596139, 0.018370, 0.019834
70.750382, 0.018581, 0.020283
70.905128, 0.018692, 0.020592
71.060380, 0.018581, 0.020582
71.216140, 0.018338, 0.020347
71.372410, 0.017890, 0.019837
71.529194, 0.017181, 0.019023
71.686492, 0.016369, 0.018046
71.844309, 0.015837, 0.017368
72.002647, 0.015742, 0.017272
72.161508, 0.015955, 0.017574
72.320895, 0.016366, 0.018091
72.480810, 0.016988, 0.018839
72.641256, 0.017728, 0.019736
72.802236, 0.018289, 0.020437
72.963753, 0.018275, 0.020501
73.125808, 0.017918, 0.020181
73.288406, 0.017425, 0.019689
73.451548, 0.016823, 0.019058
73.615237, 0.016409, 0.018586
73.779476, 0.016136, 0.018255
73.944268, 0.015746, 0.017843
74.109615, 0.015344, 0.017449
74.275521, 0.014907, 0.016945
74.441989, 0.014370, 0.016247
74.609020, 0.013748, 0.015452
74.776618, 0.013266, 0.014852
74.944786, 0.012986, 0.014465
75.113527, 0.013010, 0.014418
75.282844, 0.013337, 0.014749
75.452739, 0.013881, 0.015366
75.623216, 0.014397, 0.016022
75.794277, 0.014855, 0.016640
75.965926, 0.015107, 0.017007
76.138166, 0.014610, 0.016527
76.310999, 0.013785, 0.015651
76.484429, 0.013103, 0.014884
76.658460, 0.012578, 0.014264
76.833093, 0.012050, 0.013640
77.008332, 0.011563, 0.013099
77.184180, 0.011049, 0.012549
77.360642, 0.010490, 0.011952
77.537718, 0.010097, 0.011481
77.715414, 0.009954, 0.011250
77.893732, 0.010086, 0.011306
78.072675, 0.010427, 0.011578
78.252247, 0.010861, 0.011952
78.432451, 0.011190, 0.012210
78.613290, 0.011417, 0.012280
78.794769, 0.011802, 0.012409
78.976889, 0.012408, 0.012634
79.159655, 0.013055, 0.012921
79.343070, 0.013163, 0.012905
79.527137, 0.012878, 0.012708
79.711861, 0.011919, 0.012020
79.897244, 0.009972, 0.010333
80.083289, 0.008049, 0.008433
80.270002, 0.006737, 0.007026
80.457385, 0.005813, 0.005995
80.645441, 0.005168, 0.005243
80.834175, 0.004795, 0.004775
81.023590, 0.004664, 0.004579
81.213689, 0.004612, 0.004501
81.404478, 0.004545, 0.004437
81.595958, 0.004324, 0.004246
81.788134, 0.003935, 0.003900
81.981011, 0.003518, 0.003516
82.174591, 0.003292, 0.003309
82.368878, 0.003158, 0.003183
82.563877, 0.003065, 0.003093
82.759591, 0.002988, 0.003014
82.956025, 0.002924, 0.002941
83.153181, 0.002873, 0.002883
83.351065, 0.002837, 0.002838
83.549680, 0.002904, 0.002893
83.749031, 0.002972, 0.002952
83.949120, 0.002959, 0.002928
84.149954, 0.002930, 0.002895
84.351535, 0.002874, 0.002838
84.553868, 0.002864, 0.002823
84.756957, 0.002893, 0.002842
84.960806, 0.003059, 0.002994
85.165420, 0.003315, 0.003244
85.370803, 0.003535, 0.003479
85.576959, 0.003461, 0.003450
85.783893, 0.003191, 0.003220
85.991609, 0.002858, 0.002904
86.200111, 0.002381, 0.002419
86.409404, 0.001984, 0.002000
86.619493, 0.001880, 0.001877
86.830382, 0.001924, 0.001909
87.042075, 0.001987, 0.001969
87.254578, 0.002015, 0.002003
87.467894, 0.002025, 0.002023
87.682029, 0.002037, 0.002037
87.896987, 0.002124, 0.002115
88.112773, 0.002245, 0.002227
88.329392, 0.002393, 0.002360
88.546849, 0.002688, 0.002639
88.765148, 0.002816, 0.002776
88.984295, 0.002630, 0.002604
89.204294, 0.002468, 0.002434
89.425150, 0.002396, 0.002345
89.646869, 0.002349, 0.002288
89.869455, 0.002261, 0.002201
90.092913, 0.002210, 0.002155
90.317250, 0.002119, 0.002076
90.542469, 0.001988, 0.001957
90.768576, 0.001945, 0.001918
90.995576, 0.002008, 0.001983
91.223475, 0.002083, 0.002063
91.452278, 0.002121, 0.002104
91.681991, 0.002261, 0.002238
91.912618, 0.002359, 0.002332
92.144166, 0.002218, 0.002192
92.376639, 0.002063, 0.002034
92.610043, 0.002014, 0.001981
92.844385, 0.001977, 0.001948
93.079669, 0.001947, 0.001923
93.315902, 0.001989, 0.001964
93.553089, 0.002009, 0.001986
93.791235, 0.002069, 0.002052
94.030347, 0.002094, 0.002089
94.270431, 0.002150, 0.002155
94.511492, 0.002187, 0.002201
94.753537, 0.002115, 0.002140
94.996571, 0.001872, 0.001901
95.240601, 0.001684, 0.001708
95.485633, 0.001626, 0.001649
95.731672, 0.001602, 0.001626
95.978726, 0.001530, 0.001558
96.226800, 0.001341, 0.001373
96.475901, 0.001055, 0.001088
96.726035, 0.000765, 0.000796
96.977209, 0.000579, 0.000607
97.229429, 0.000488, 0.000514
97.482701, 0.000444, 0.000470
